t,Load,PV,P_imp,P_exp,P_ch,P_dis,P_curt,E,c_grid,c_sell,P_pv_to_load,P_pv_to_bat,P_pv_to_exp
1,0.05946933269511025,0.0,0.05946933269511025,0.0,0.0,0.0,0.0,1.2,0.14,0.06,0.0,0.0,0.0
2,0.04823229614297925,0.0,0.04823229614297925,0.0,0.0,0.0,0.0,1.2000000000000002,0.14,0.06,0.0,0.0,0.0
3,0.0957171974774015,0.0,0.0957171974774015,0.0,0.0,0.0,0.0,1.2000000000000002,0.14,0.06,0.0,0.0,0.0
4,0.1105131077021435,0.0,0.1105131077021435,0.0,0.0,0.0,0.0,1.2000000000000002,0.14,0.06,0.0,0.0,0.0
5,0.048060463234513,0.0,0.048060463234513,0.0,0.0,0.0,0.0,1.2000000000000002,0.14,0.06,0.0,0.0,0.0
6,0.0487843550616685,0.0,0.0487843550616685,0.0,0.0,0.0,0.0,1.2000000000000002,0.14,0.06,0.0,0.0,0.0
7,0.059500670003645,0.0,0.059500670003645,0.0,0.0,0.0,0.0,1.2000000000000002,0.14,0.06,0.0,0.0,0.0
8,0.048591630614179,0.0,0.048591630614179,0.0,0.0,0.0,0.0,1.2000000000000002,0.14,0.06,0.0,0.0,0.0
9,0.0480547180612815,0.0,0.0480547180612815,0.0,0.0,0.0,0.0,1.2000000000000002,0.14,0.06,0.0,0.0,0.0
10,0.058070121869028,0.0,0.058070121869028,0.0,0.0,0.0,0.0,1.2000000000000002,0.14,0.06,0.0,0.0,0.0
11,0.0511806145876355,0.0,0.0511806145876355,0.0,0.0,0.0,0.0,1.2000000000000002,0.14,0.06,0.0,0.0,0.0
12,0.059124100012751,0.0,0.059124100012751,0.0,0.0,0.0,0.0,1.2000000000000002,0.14,0.06,0.0,0.0,0.0
13,0.11148247511282225,0.0,0.11148247511282225,0.0,0.0,0.0,0.0,1.2000000000000002,0.14,0.06,0.0,0.0,0.0
14,0.08858848207419275,0.0,0.08858848207419275,0.0,0.0,0.0,0.0,1.2000000000000002,0.14,0.06,0.0,0.0,0.0
15,0.047809764766234,0.0,0.047809764766234,0.0,0.0,0.0,0.0,1.2000000000000002,0.14,0.06,0.0,0.0,0.0
16,0.175498851276343,0.0,0.175498851276343,0.0,0.0,0.0,0.0,1.2000000000000002,0.14,0.06,0.0,0.0,0.0
17,0.216943486390668,0.0,0.216943486390668,0.0,0.0,0.0,0.0,1.2000000000000002,0.14,0.06,0.0,0.0,0.0
18,0.154833463163019,0.0,0.154833463163019,0.0,0.0,0.0,0.0,1.2000000000000002,0.14,0.06,0.0,0.0,0.0
19,0.1350878250551935,0.0,0.1350878250551935,0.0,0.0,0.0,0.0,1.2000000000000002,0.14,0.06,0.0,0.0,0.0
20,0.07983127120412176,0.0,0.07983127120412176,0.0,0.0,0.0,0.0,1.2000000000000002,0.14,0.06,0.0,0.0,0.0
21,0.020755221731124124,0.0,0.020755221731124124,0.0,0.0,0.0,0.0,1.2000000000000002,0.14,0.06,0.0,0.0,0.0
22,0.020088781636282426,0.0,0.020088781636282426,0.0,0.0,0.0,0.0,1.2000000000000002,0.14,0.06,0.0,0.0,0.0
23,0.0312835128218915,0.0,0.0312835128218915,0.0,0.0,0.0,0.0,1.2000000000000002,0.14,0.06,0.0,0.0,0.0
24,0.021697952429548324,0.0,0.021697952429548324,0.0,0.0,0.0,0.0,1.2000000000000002,0.14,0.06,0.0,0.0,0.0
25,0.020385963778888176,0.0,0.020385963778888176,0.0,0.0,0.0,0.0,1.2000000000000002,0.14,0.06,0.0,0.0,0.0
26,0.0743096374402765,0.0,0.0743096374402765,0.0,0.0,0.0,0.0,1.2000000000000002,0.14,0.06,0.0,0.0,0.0
27,0.07922384970702075,0.0,0.07922384970702075,0.0,0.0,0.0,0.0,1.2000000000000002,0.14,0.06,0.0,0.0,0.0
28,0.040962040562888,0.0,0.040962040562888,0.0,0.0,0.0,0.0,1.2000000000000002,0.14,0.06,0.0,0.0,0.0
29,0.026098755124796,0.0,0.026098755124796,0.0,0.0,0.0,0.0,1.2000000000000002,0.14,0.06,0.0,0.0,0.0
30,0.02725040121345275,0.0,0.02725040121345275,0.0,0.0,0.0,0.0,1.2000000000000002,0.14,0.06,0.0,0.0,0.0
31,0.020919742600932226,0.0,0.020919742600932226,0.0,0.0,0.0,0.0,1.2000000000000002,0.14,0.06,0.0,0.0,0.0
32,0.021633710947051826,0.0,0.021633710947051826,0.0,0.0,0.0,0.0,1.2000000000000002,0.14,0.06,0.0,0.0,0.0
33,0.0289608959709815,0.0,0.0,0.0,0.0,0.0289608959709815,0.0,1.192378711586584,0.24,0.06,0.0,0.0,0.0
34,0.019621855739112775,0.0,0.0,0.0,0.0,0.019621855739112775,0.0,1.187215065339449,0.24,0.06,0.0,0.0,0.0
35,0.01895854937512455,0.009412375085422024,0.0,0.0,0.0,0.009546174289702527,0.0,1.18470291421058,0.24,0.06,0.009412375085422024,0.0,0.0
36,0.04894678677757425,0.021514000195250363,0.0,0.0,0.0,0.027432786582323884,0.0,1.1774837598468104,0.24,0.06,0.021514000195250363,0.0,0.0
37,0.077780244360514,0.028506050258706703,0.0,0.0,0.0,0.049274194101807306,0.0,1.1645168666621244,0.24,0.06,0.0285060502587067,0.0,0.0
38,0.036464092211182,0.034691325314841155,0.0,0.0,0.0,0.0017727668963408438,0.0,1.1640503490578242,0.24,0.06,0.034691325314841155,0.0,0.0
39,0.0271459435183365,0.04006982536365377,0.0,-0.0,0.012923881845317231,0.0,0.0,1.167119770996087,0.24,0.06,0.0271459435183365,0.012923881845317231,-0.0
40,0.022661052378520175,0.04464155040514443,0.0,0.021980498026624253,-0.0,0.0,0.0,1.167119770996087,0.24,0.06,0.022661052378520175,-0.0,0.021980498026624253
41,0.019504340832106976,0.049213275446635146,0.0,0.02970893461452817,-0.0,0.0,0.0,1.167119770996087,0.24,0.06,0.019504340832106976,-0.0,0.02970893461452817
42,0.0240660083778338,0.05217145047348207,0.0,-0.0,0.02810544209564827,0.0,0.0,1.1737948134938034,0.24,0.06,0.0240660083778338,0.02810544209564827,-0.0
43,0.02530592121886375,0.05647425051253213,0.0,-0.0,0.031168329293668383,0.0,0.0,1.1811972917010498,0.24,0.06,0.02530592121886375,0.031168329293668383,-0.0
44,0.01927401161437565,0.10837677598357359,0.0,-0.0,0.08910276436919794,0.0,0.0,1.2023591982387343,0.24,0.06,0.01927401161437565,0.08910276436919794,-0.0
45,0.020490421474004424,0.2043830018548782,0.0,-0.0,0.18389258038087375,0.0,0.0,1.2460336860791918,0.24,0.06,0.020490421474004424,0.18389258038087375,-0.0
46,0.02955055965991275,0.2535962773015132,0.0,-0.0,0.22404571764160042,0.0,0.0,1.2992445440190719,0.24,0.06,0.02955055965991275,0.22404571764160042,-0.0
47,0.103743204481659,0.3455686281362089,0.0,-0.0,0.24182542365454984,0.0,0.0,1.3566780821370275,0.24,0.06,0.103743204481659,0.24182542365454984,-0.0
48,0.11892404131290425,0.39585760359260636,0.0,-0.0,0.276933562279702,0.0,0.0,1.4224498031784567,0.24,0.06,0.11892404131290425,0.276933562279702,-0.0
49,0.19297619053471926,0.4327003289269722,0.0,-0.0,0.23972413839225293,0.0,0.0,1.4793842860466169,0.24,0.06,0.19297619053471926,0.23972413839225293,-0.0
50,0.179567478501121,0.46281992920032267,0.0,-0.0,0.2832524506992016,0.0,0.0,1.5466567430876772,0.24,0.06,0.179567478501121,0.2832524506992016,-0.0
51,0.128244279159652,0.42597720386595683,0.0,0.2791349111064899,0.018598013599814923,0.0,0.0,1.5510737713176332,0.24,0.06,0.128244279159652,0.018598013599814923,0.2791349111064899
52,0.0891415855698335,0.4778797293369978,0.0,-0.0,0.3887381437671643,0.0,0.0,1.6433990804623348,0.24,0.06,0.0891415855698335,0.3887381437671643,-0.0
53,0.08403464885559975,0.5354296798592926,0.0,0.0,0.4513950310036928,0.0,0.0,1.7506054003257119,0.24,0.06,0.08403464885559975,0.4513950310036928,0.0
54,0.0652380089079055,0.5443042049398337,0.0,0.0,0.4790661960319282,0.0,0.0,1.8643836218832948,0.24,0.06,0.0652380089079055,0.4790661960319282,0.0
55,0.0227080583413225,0.519294179712855,0.0,0.0,0.49658612137153246,0.0,0.0,1.9823228257090337,0.24,0.06,0.0227080583413225,0.49658612137153246,0.0
56,0.02415688657258495,0.37703285342176207,0.0,0.0,0.3528759668491771,0.0,0.0,2.0661308678357133,0.24,0.06,0.02415688657258495,0.3528759668491771,0.0
57,0.0263938481134995,0.26516005240646034,0.0,-0.0,0.2387662042929608,0.0,0.0,2.1228378413552913,0.24,0.06,0.0263938481134995,0.2387662042929608,-0.0
58,0.0206105478233881,0.19604632677921868,0.0,-0.0,0.1754357789558305,0.0,0.0,2.1645038388573012,0.24,0.06,0.0206105478233881,0.1754357789558305,-0.0
59,0.0316026310804715,0.1772215766083745,0.0,-0.0,0.1456189455279029,0.0,0.0,2.1990883384201783,0.24,0.06,0.0316026310804715,0.1456189455279029,-0.0
60,0.09160051971287,0.1834068516645092,0.0,-0.0,0.09180633195163912,0.0,0.0,2.2208923422586926,0.24,0.06,0.09160051971287,0.09180633195163912,-0.0
61,0.06375836565658374,0.2025005268377938,0.0,-0.0,0.13874216118121005,0.0,0.0,2.25384360553923,0.24,0.06,0.06375836565658374,0.13874216118121005,-0.0
62,0.01921760445901285,0.2143332269451815,0.0,-0.0,0.19511562248616865,0.0,0.0,2.300183565879695,0.24,0.06,0.01921760445901285,0.19511562248616865,-0.0
63,0.023400090571467674,0.16377532648634324,0.0,-0.0,0.14037523591487555,0.0,0.0,2.3335226844094783,0.24,0.06,0.023400090571467674,0.14037523591487555,-0.0
64,0.026872264357132,0.12101625109828315,0.0,-0.0,0.0941439867411511,0.0,0.0,2.3558818812605016,0.24,0.06,0.026872264357132,0.0941439867411511,-0.0
65,0.0188316332755583,0.08766955079564516,0.0,-0.0,0.06883791752008683,0.0,0.0,2.372230886671522,0.24,0.06,0.0188316332755583,0.06883791752008683,-0.0
66,0.020422001683703277,0.07476115067849498,0.0,-0.0,0.054339148994791704,0.0,0.0,2.385136434557785,0.24,0.06,0.020422001683703277,0.054339148994791704,-0.0
67,0.02950877658186625,0.06588662559795415,0.0,-0.0,0.0363778490160879,0.0,0.0,2.3937761736991057,0.24,0.06,0.02950877658186625,0.0363778490160879,-0.0
68,0.0326889911096805,0.058894575534497805,0.0,-0.0,0.02620558442481724,0.0,0.0,2.4,0.24,0.06,0.0326889911096805,0.02620558442481724,-0.0
69,0.0793700904801835,0.04759972543199135,0.0,0.0,0.0,0.031770365048192147,0.0,2.3916393776188967,0.24,0.06,0.04759972543199135,0.0,0.0
70,0.039304296941393,0.03361562530507866,0.0,0.0,0.0,0.005688671636314341,0.0,2.390142358767235,0.24,0.06,0.03361562530507866,0.0,0.0
71,0.022704402321993424,0.019631525178165944,0.0,0.0,0.0,0.0030728771438274793,0.0,2.3893337068872804,0.24,0.06,0.019631525178165944,0.0,0.0
72,0.020658076074666,0.008874525080540768,0.0,0.0,0.0,0.011783550994125232,0.0,2.386232772415142,0.24,0.06,0.008874525080540768,0.0,0.0
73,0.02696105339798075,0.0,0.0,0.0,0.0,0.02696105339798075,0.0,2.3791377583630418,0.24,0.06,0.0,0.0,0.0
74,0.02556027570647175,0.0,0.0,0.0,0.0,0.02556027570647175,0.0,2.3724113700192335,0.24,0.06,0.0,0.0,0.0
75,0.020218309178226576,0.0,0.0,0.0,0.0,0.020218309178226576,0.0,2.367090762340753,0.24,0.06,0.0,0.0,0.0
76,0.023810087024798976,0.0,0.0,0.0,0.0,0.023810087024798976,0.0,2.3608249499658056,0.24,0.06,0.0,0.0,0.0
77,0.05382966173578375,0.0,-6.938893903907228e-18,0.0,0.0,0.053829661735783754,0.0,2.3466592495090204,0.24,0.06,0.0,0.0,0.0
78,0.09051677112603874,0.0,0.0,0.0,0.0,0.09051677112603874,0.0,2.3228390465811155,0.24,0.06,0.0,0.0,0.0
79,0.07961922208303575,0.0,0.0,0.0,0.0,0.07961922208303575,0.0,2.3018866197171586,0.24,0.06,0.0,0.0,0.0
80,0.28050703844586,0.0,0.0,0.0,0.0,0.28050703844586,0.0,2.2280689780208798,0.24,0.06,0.0,0.0,0.0
81,0.2739100127107925,0.0,0.0,0.0,0.0,0.2739100127107925,0.0,2.155987395728566,0.24,0.06,0.0,0.0,0.0
82,0.3473594410317875,0.0,0.0,0.0,0.0,0.3473594410317875,0.0,2.0645770165096744,0.24,0.06,0.0,0.0,0.0
83,0.2075193131372795,0.0,0.0,0.0,0.0,0.2075193131372795,0.0,2.0099666709472324,0.24,0.06,0.0,0.0,0.0
84,0.19395391456100725,0.0,0.0,0.0,0.0,0.19395391456100725,0.0,1.958926167115389,0.24,0.06,0.0,0.0,0.0
85,0.1680332598063845,0.0,0.0,0.0,0.0,0.1680332598063845,0.0,1.914706888218972,0.24,0.06,0.0,0.0,0.0
86,0.25687557407971,0.0,0.0,0.0,0.0,0.25687557407971,0.0,1.8471080529348378,0.24,0.06,0.0,0.0,0.0
87,0.36623181280844,0.0,0.0,0.0,0.0,0.36623181280844,0.0,1.7507312600905114,0.24,0.06,0.0,0.0,0.0
88,0.4638720764529325,0.0,0.0,0.0,0.0,0.4638720764529325,0.0,1.62865966102395,0.24,0.06,0.0,0.0,0.0
89,0.2639264685000575,0.0,0.2639264685000575,0.0,0.0,0.0,0.0,1.62865966102395,0.14,0.06,0.0,0.0,0.0
90,0.14269652356746124,0.0,0.14269652356746124,0.0,0.0,0.0,0.0,1.62865966102395,0.14,0.06,0.0,0.0,0.0
91,0.1365831369607825,0.0,0.1365831369607825,0.0,0.0,0.0,0.0,1.62865966102395,0.14,0.06,0.0,0.0,0.0
92,0.3102017497250325,0.0,0.3102017497250325,0.0,0.0,0.0,0.0,1.62865966102395,0.14,0.06,0.0,0.0,0.0
93,0.4343288288316775,0.0,0.4343288288316775,0.0,0.0,0.0,0.0,1.62865966102395,0.14,0.06,0.0,0.0,0.0
94,0.2205577226416905,0.0,0.2205577226416905,0.0,0.0,0.0,0.0,1.62865966102395,0.14,0.06,0.0,0.0,0.0
95,0.18843959283582026,0.0,0.18843959283582026,0.0,0.0,0.0,0.0,1.62865966102395,0.14,0.06,0.0,0.0,0.0
96,0.113989982084088,0.0,0.113989982084088,0.0,0.0,0.0,0.0,1.62865966102395,0.14,0.06,0.0,0.0,0.0
97,0.14192875950835676,0.0,0.14192875950835676,0.0,0.0,0.0,0.0,1.62865966102395,0.14,0.06,0.0,0.0,0.0
98,0.1164191457840165,0.0,0.1164191457840165,0.0,0.0,0.0,0.0,1.62865966102395,0.14,0.06,0.0,0.0,0.0
99,0.03431905344196975,0.0,0.03431905344196975,0.0,0.0,0.0,0.0,1.62865966102395,0.14,0.06,0.0,0.0,0.0
100,0.031599497349618,0.0,0.031599497349618,0.0,0.0,0.0,0.0,1.62865966102395,0.14,0.06,0.0,0.0,0.0
101,0.024378859174706974,0.0,0.024378859174706974,0.0,0.0,0.0,0.0,1.62865966102395,0.14,0.06,0.0,0.0,0.0
102,0.02521869904344175,0.0,0.02521869904344175,0.0,0.0,0.0,0.0,1.62865966102395,0.14,0.06,0.0,0.0,0.0
103,0.0319233162044785,0.0,0.0319233162044785,0.0,0.0,0.0,0.0,1.62865966102395,0.14,0.06,0.0,0.0,0.0
104,0.063326433087278,0.0,0.063326433087278,0.0,0.0,0.0,0.0,1.62865966102395,0.14,0.06,0.0,0.0,0.0
105,0.0748946005329275,0.0,0.0748946005329275,0.0,0.0,0.0,0.0,1.62865966102395,0.14,0.06,0.0,0.0,0.0
106,0.03069123769058225,0.0,0.03069123769058225,0.0,0.0,0.0,0.0,1.62865966102395,0.14,0.06,0.0,0.0,0.0
107,0.02252839110572255,0.0,0.02252839110572255,0.0,0.0,0.0,0.0,1.62865966102395,0.14,0.06,0.0,0.0,0.0
108,0.02041155591419165,0.0,0.02041155591419165,0.0,0.0,0.0,0.0,1.62865966102395,0.14,0.06,0.0,0.0,0.0
109,0.0265160636167855,0.0,0.0265160636167855,0.0,0.0,0.0,0.0,1.62865966102395,0.14,0.06,0.0,0.0,0.0
110,0.02637347886295175,0.0,0.02637347886295175,0.0,0.0,0.0,0.0,1.62865966102395,0.14,0.06,0.0,0.0,0.0
111,0.02026949344883355,0.0,0.02026949344883355,0.0,0.0,0.0,0.0,1.62865966102395,0.14,0.06,0.0,0.0,0.0
112,0.02264224999339925,0.0,0.02264224999339925,0.0,0.0,0.0,0.0,1.62865966102395,0.14,0.06,0.0,0.0,0.0
113,0.07733629915627,0.0,0.07733629915627,0.0,0.0,0.0,0.0,1.62865966102395,0.14,0.06,0.0,0.0,0.0
114,0.076934659318548,0.0,0.076934659318548,0.0,0.0,0.0,0.0,1.62865966102395,0.14,0.06,0.0,0.0,0.0
115,0.0207338079036253,0.0,0.0207338079036253,0.0,0.0,0.0,0.0,1.62865966102395,0.14,0.06,0.0,0.0,0.0
116,0.029895792342272,0.0,0.029895792342272,0.0,0.0,0.0,0.0,1.62865966102395,0.14,0.06,0.0,0.0,0.0
117,0.022602556069255077,0.0,0.022602556069255077,0.0,0.0,0.0,0.0,1.62865966102395,0.14,0.06,0.0,0.0,0.0
118,0.020201595947007975,0.0,0.020201595947007975,0.0,0.0,0.0,0.0,1.62865966102395,0.14,0.06,0.0,0.0,0.0
119,0.025940501716695,0.0,0.025940501716695,0.0,0.0,0.0,0.0,1.62865966102395,0.14,0.06,0.0,0.0,0.0
120,0.026721322987689,0.0,0.026721322987689,0.0,0.0,0.0,0.0,1.62865966102395,0.14,0.06,0.0,0.0,0.0
121,0.020105494867501024,0.0,0.020105494867501024,0.0,0.0,0.0,0.0,1.62865966102395,0.14,0.06,0.0,0.0,0.0
122,0.021955962936485475,0.0,0.021955962936485475,0.0,0.0,0.0,0.0,1.62865966102395,0.14,0.06,0.0,0.0,0.0
123,0.0787151407318045,0.0,0.0787151407318045,0.0,0.0,0.0,0.0,1.62865966102395,0.14,0.06,0.0,0.0,0.0
124,0.06751518666143976,0.0,0.06751518666143976,0.0,0.0,0.0,0.0,1.62865966102395,0.14,0.06,0.0,0.0,0.0
125,0.020990773833611275,0.0,0.020990773833611275,0.0,0.0,0.0,0.0,1.62865966102395,0.14,0.06,0.0,0.0,0.0
126,0.03805916121560725,0.0,0.03805916121560725,0.0,0.0,0.0,0.0,1.62865966102395,0.14,0.06,0.0,0.0,0.0
127,0.03575639132676925,0.0,0.03575639132676925,0.0,0.0,0.0,0.0,1.62865966102395,0.14,0.06,0.0,0.0,0.0
128,0.09386150652366125,0.0,0.09386150652366125,0.0,0.0,0.0,0.0,1.62865966102395,0.14,0.06,0.0,0.0,0.0
129,0.15507005984245725,0.0,0.0,0.0,0.0,0.15507005984245725,0.0,1.587851750539093,0.24,0.06,0.0,0.0,0.0
130,0.127533444544386,0.0,0.0,0.0,0.0,0.127533444544386,0.0,1.5542903177642546,0.24,0.06,0.0,0.0,0.0
131,0.1274530121191465,0.012101625109828316,0.0,0.0,0.0,0.11535138700931818,0.0,1.5239346896039077,0.24,0.06,0.012101625109828318,0.0,0.0
132,0.12601933025367576,0.022051850200131593,0.0,0.0,0.0,0.10396748005354417,0.0,1.4965748264319223,0.24,0.06,0.02205185020013159,0.0,0.0
133,0.22858111820357,0.029043900263587972,0.0,0.0,0.0,0.19953721793998203,0.0,1.4440650322371902,0.24,0.06,0.02904390026358797,0.0,0.0
134,0.18162477280643574,0.03603595032704432,0.0,0.0,0.0,0.14558882247939142,0.0,1.4057521842162977,0.24,0.06,0.03603595032704432,0.0,0.0
135,0.2296418860974755,0.040876600370975666,0.0,0.0,0.0,0.1887652857264998,0.0,1.3560771090251136,0.24,0.06,0.04087660037097568,0.0,0.0
136,0.2553776507317425,0.04544832541246632,0.0,0.0,0.0,0.2099293253192762,0.0,1.3008325497305673,0.24,0.06,0.04544832541246632,0.0,0.0
137,0.101520344729585,0.049751125451516415,0.0,0.0,0.0,0.05176921927806859,0.0,1.2872090709731807,0.24,0.06,0.049751125451516415,0.0,0.0
138,0.240297093287809,0.05378500048812582,0.0,0.0,0.0,0.18651209279968317,0.0,1.2381269412890537,0.24,0.06,0.05378500048812582,0.0,0.0
139,0.21898824577256876,0.05916350053693844,0.0,0.0,0.0,0.1598247452356303,0.0,1.196067797805993,0.24,0.06,0.059163500536938446,0.0,0.0
140,0.14608304204313025,0.117520226066555,0.0,0.0,0.0,0.028562815976575243,0.0,1.1885512672858416,0.24,0.06,0.117520226066555,0.0,0.0
141,0.1360744279855665,0.21056827691101254,0.0,-0.0,0.07449384892544605,0.0,0.0,1.206243556405635,0.24,0.06,0.1360744279855665,0.07449384892544605,-0.0
142,0.091659016022135,0.25709230233324165,0.0,-0.0,0.16543328631110654,0.0,0.0,1.245533961904523,0.24,0.06,0.091659016022135,0.16543328631110654,-0.0
143,0.099123040626667,0.34368615311912465,0.0,-0.0,0.24456311249245766,0.0,0.0,1.3036177011214816,0.24,0.06,0.099123040626667,0.24456311249245766,-0.0
144,0.19668496099982175,0.39693330360236856,0.0,-0.0,0.20024834260254676,0.0,0.0,1.3511766824895863,0.24,0.06,0.19668496099982175,0.20024834260254676,-0.0
145,0.2556596865085575,0.42893537889280364,0.0,-0.0,0.17327569238424612,0.0,0.0,1.3923296594308447,0.24,0.06,0.2556596865085575,0.17327569238424612,-0.0
146,0.10502437811225974,0.46658487923449177,0.0,0.0,0.36156050112223204,0.0,0.0,1.478200278447375,0.24,0.06,0.10502437811225974,0.36156050112223204,0.0
147,0.09729973155841275,0.43081785390988825,0.0,-0.0,0.3335181223514754,0.0,0.0,1.5574108325058502,0.24,0.06,0.09729973155841275,0.3335181223514754,-0.0
148,0.15285242297513926,0.47492155431015104,0.0,-0.0,0.3220691313350117,0.0,0.0,1.6339022511979155,0.24,0.06,0.15285242297513926,0.3220691313350117,-0.0
149,0.077327420252185,0.5330093548373271,0.0,0.0,0.45568193458514217,0.0,0.0,1.7421267106618867,0.24,0.06,0.077327420252185,0.45568193458514217,0.0
150,0.090080137960453,0.5480691549740023,0.0,0.0,0.4579890170135493,0.0,0.0,1.8508991022026047,0.24,0.06,0.090080137960453,0.4579890170135493,0.0
151,0.20228546032347974,0.5217145047348206,0.0,-0.0,0.3194290444113408,0.0,0.0,1.926763500250298,0.24,0.06,0.20228546032347974,0.3194290444113408,-0.0
152,0.383397345846895,0.3953197535877251,0.0,-0.0,0.011922407740830088,0.0,0.0,1.9295950720887451,0.24,0.06,0.383397345846895,0.011922407740830088,-0.0
153,0.07133990516812125,0.2740345774870014,0.0,-0.0,0.20269467231888005,0.0,0.0,1.9777350567644791,0.24,0.06,0.07133990516812125,0.20269467231888005,-0.0
154,0.07435350967222525,0.20572762686708126,0.0,-0.0,0.13137411719485603,0.0,0.0,2.0089364095982574,0.24,0.06,0.07435350967222525,0.13137411719485603,-0.0
155,0.10658184234644325,0.18528932668159354,0.0,-0.0,0.07870748433515029,0.0,0.0,2.0276294371278554,0.24,0.06,0.10658184234644325,0.07870748433515029,-0.0
156,0.04266679014718525,0.18717180169867792,0.0,-0.0,0.14450501155149267,0.0,0.0,2.061949377371335,0.24,0.06,0.04266679014718525,0.14450501155149267,-0.0
157,0.29987401740889,0.21164397692077547,0.0,0.0,0.0,0.08823004048811456,0.0,2.038730945663936,0.24,0.06,0.21164397692077547,0.0,0.0
158,0.3238193771488625,0.21702247696958768,0.0,0.0,0.0,0.10679690017927482,0.0,2.0106264982483375,0.24,0.06,0.21702247696958768,0.0,0.0
159,0.17609426013850574,0.16807812652539358,0.0,0.0,0.0,0.008016133613112153,0.0,2.0085169894027817,0.24,0.06,0.16807812652539358,0.0,0.0
160,0.09564355480234475,0.126932601151977,0.0,-0.0,0.03128904634963224,0.0,0.0,2.0159481379108195,0.24,0.06,0.09564355480234475,0.03128904634963224,-0.0
161,0.1284370036071415,0.09331697584689834,0.0,0.0,0.0,0.03512002776024316,0.0,2.0067060253423343,0.24,0.06,0.09331697584689834,0.0,0.0
162,0.13321124256242975,0.0822910507468326,0.0,0.0,0.0,0.05092019181559715,0.0,1.9933059748645459,0.24,0.06,0.0822910507468326,0.0,0.0
163,0.11680407239051975,0.0707272756418855,0.0,0.0,0.0,0.046076796748634255,0.0,1.9811805020359579,0.24,0.06,0.0707272756418855,0.0,0.0
164,0.115741215342712,0.06212167556378534,0.0,0.0,0.0,0.05361953977892667,0.0,1.967070096830977,0.24,0.06,0.06212167556378534,0.0,0.0
165,0.1646702443121165,0.05055790045883831,0.0,0.0,0.0,0.11411234385327818,0.0,1.9370405326590618,0.24,0.06,0.05055790045883832,0.0,0.0
166,0.3532503327478675,0.03415347530995992,0.0,0.0,0.0,0.31909685743790756,0.0,1.8530676754385598,0.24,0.06,0.034153475309959935,0.0,0.0
167,0.27302160001383,0.020707225187928464,0.0,0.0,0.0,0.2523143748259016,0.0,1.7866691557475332,0.24,0.06,0.020707225187928446,0.0,0.0
168,0.2579655901282475,0.0083366750756595,0.0,0.0,0.0,0.249628915052588,0.0,1.720977335996852,0.24,0.06,0.008336675075659494,0.0,0.0
169,0.23441769191819076,0.0,0.0,0.0,0.0,0.23441769191819076,0.0,1.6592884697025914,0.24,0.06,0.0,0.0,0.0
170,0.250721448971935,0.0,0.0,0.0,0.0,0.250721448971935,0.0,1.5933091410257663,0.24,0.06,0.0,0.0,0.0
171,0.20304382319002376,0.0,0.0,0.0,0.0,0.20304382319002376,0.0,1.5398765559757601,0.24,0.06,0.0,0.0,0.0
172,0.20224367724543324,0.0,0.0,0.0,0.0,0.20224367724543324,0.0,1.4866545356480145,0.24,0.06,0.0,0.0,0.0
173,0.16725452768929275,0.0,0.0,0.0,0.0,0.16725452768929275,0.0,1.4426401862560954,0.24,0.06,0.0,0.0,0.0
174,0.1671798404372845,0.0,0.0,0.0,0.0,0.1671798404372845,0.0,1.3986454914041784,0.24,0.06,0.0,0.0,0.0
175,0.23994193712441375,0.0,0.0,0.0,0.0,0.23994193712441375,0.0,1.3355028763714378,0.24,0.06,0.0,0.0,0.0
176,0.172843536666488,0.0,0.0,0.0,0.0,0.172843536666488,0.0,1.2900177351434146,0.24,0.06,0.0,0.0,0.0
177,0.1611092814856035,0.0,0.0,0.0,0.0,0.1611092814856035,0.0,1.247620555805098,0.24,0.06,0.0,0.0,0.0
178,0.17685993504370776,0.0,0.0,0.0,0.0,0.17685993504370776,0.0,1.2010784676357011,0.24,0.06,0.0,0.0,0.0
179,0.22571741049195776,0.0,0.0,0.0,0.0,0.22571741049195776,0.0,1.1416791490851859,0.24,0.06,0.0,0.0,0.0
180,0.2844268134550975,0.0,0.0,0.0,0.0,0.2844268134550975,0.0,1.0668299876496339,0.24,0.06,0.0,0.0,0.0
181,0.3288808747657225,0.0,0.0,0.0,0.0,0.3288808747657225,0.0,0.9802823890270755,0.24,0.06,0.0,0.0,0.0
182,0.245499608793074,0.0,0.0,0.0,0.0,0.245499608793074,0.0,0.9156772288183719,0.24,0.06,0.0,0.0,0.0
183,0.166620469479937,0.0,2.7755575615628914e-17,0.0,0.0,0.16662046947993697,0.0,0.8718297368499675,0.24,0.06,0.0,0.0,0.0
184,0.1437290878836855,0.0,0.0,0.0,0.0,0.1437290878836855,0.0,0.8340062926700502,0.24,0.06,0.0,0.0,0.0
185,0.125837051575698,0.0,0.125837051575698,0.0,0.0,0.0,0.0,0.8340062926700502,0.14,0.06,0.0,0.0,0.0
186,0.12535811304358974,0.0,0.12535811304358974,0.0,0.0,0.0,0.0,0.8340062926700502,0.14,0.06,0.0,0.0,0.0
187,0.11535472187078175,0.0,0.11535472187078175,0.0,0.0,0.0,0.0,0.8340062926700502,0.14,0.06,0.0,0.0,0.0
188,0.11246281058148826,0.0,0.11246281058148826,0.0,0.0,0.0,0.0,0.8340062926700502,0.14,0.06,0.0,0.0,0.0
189,0.137276213767879,0.0,0.137276213767879,0.0,0.0,0.0,0.0,0.8340062926700502,0.14,0.06,0.0,0.0,0.0
190,0.174660578273035,0.0,0.174660578273035,0.0,0.0,0.0,0.0,0.8340062926700502,0.14,0.06,0.0,0.0,0.0
191,0.148684038651525,0.0,0.148684038651525,0.0,0.0,0.0,0.0,0.8340062926700502,0.14,0.06,0.0,0.0,0.0
192,0.1008450257306585,0.0,0.1008450257306585,0.0,0.0,0.0,0.0,0.8340062926700502,0.14,0.06,0.0,0.0,0.0
193,0.05866030784643475,0.0,0.05866030784643475,0.0,0.0,0.0,0.0,0.8340062926700502,0.14,0.06,0.0,0.0,0.0
194,0.0329449124627155,0.0,0.0329449124627155,0.0,0.0,0.0,0.0,0.8340062926700502,0.14,0.06,0.0,0.0,0.0
195,0.07626560778132825,0.0,0.07626560778132825,0.0,0.0,0.0,0.0,0.8340062926700502,0.14,0.06,0.0,0.0,0.0
196,0.06738513683102,0.0,0.06738513683102,0.0,0.0,0.0,0.0,0.8340062926700502,0.14,0.06,0.0,0.0,0.0
197,0.02919697036194425,0.0,0.02919697036194425,0.0,0.0,0.0,0.0,0.8340062926700502,0.14,0.06,0.0,0.0,0.0
198,0.021832702856248276,0.0,0.021832702856248276,0.0,0.0,0.0,0.0,0.8340062926700502,0.14,0.06,0.0,0.0,0.0
199,0.0277011361678795,0.0,0.0277011361678795,0.0,0.0,0.0,0.0,0.8340062926700502,0.14,0.06,0.0,0.0,0.0
200,0.024730359318773175,0.0,0.024730359318773175,0.0,0.0,0.0,0.0,0.8340062926700502,0.14,0.06,0.0,0.0,0.0
201,0.021365776959078625,0.0,0.021365776959078625,0.0,0.0,0.0,0.0,0.8340062926700502,0.14,0.06,0.0,0.0,0.0
202,0.0314731035385275,0.0,0.0314731035385275,0.0,0.0,0.0,0.0,0.8340062926700502,0.14,0.06,0.0,0.0,0.0
203,0.0210346460655601,0.0,0.0210346460655601,0.0,0.0,0.0,0.0,0.8340062926700502,0.14,0.06,0.0,0.0,0.0
204,0.07060713443688076,0.0,0.07060713443688076,0.0,0.0,0.0,0.0,0.8340062926700502,0.14,0.06,0.0,0.0,0.0
205,0.08149267084494576,0.0,0.08149267084494576,0.0,0.0,0.0,0.0,0.8340062926700502,0.14,0.06,0.0,0.0,0.0
206,0.025435448760808,0.0,0.025435448760808,0.0,0.0,0.0,0.0,0.8340062926700502,0.14,0.06,0.0,0.0,0.0
207,0.0278693130570165,0.0,0.0278693130570165,0.0,0.0,0.0,0.0,0.8340062926700502,0.14,0.06,0.0,0.0,0.0
208,0.032341669273419,0.0,0.032341669273419,0.0,0.0,0.0,0.0,0.8340062926700502,0.14,0.06,0.0,0.0,0.0
209,0.03245187214176675,0.0,0.03245187214176675,0.0,0.0,0.0,0.0,0.8340062926700502,0.14,0.06,0.0,0.0,0.0
210,0.0528717846715675,0.0,0.0528717846715675,0.0,0.0,0.0,0.0,0.8340062926700502,0.14,0.06,0.0,0.0,0.0
211,0.038051849176949,0.0,0.038051849176949,0.0,0.0,0.0,0.0,0.8340062926700502,0.14,0.06,0.0,0.0,0.0
212,0.03414617595655225,0.0,0.03414617595655225,0.0,0.0,0.0,0.0,0.8340062926700502,0.14,0.06,0.0,0.0,0.0
213,0.02771941626452475,0.0,0.02771941626452475,0.0,0.0,0.0,0.0,0.8340062926700502,0.14,0.06,0.0,0.0,0.0
214,0.028623497615756,0.0,0.028623497615756,0.0,0.0,0.0,0.0,0.8340062926700502,0.14,0.06,0.0,0.0,0.0
215,0.0834862459562395,0.0,0.0834862459562395,0.0,0.0,0.0,0.0,0.8340062926700502,0.14,0.06,0.0,0.0,0.0
216,0.05110801648952975,0.0,0.05110801648952975,0.0,0.0,0.0,0.0,0.83400629267005,0.14,0.06,0.0,0.0,0.0
217,0.019889267438610376,0.0,0.019889267438610376,0.0,0.0,0.0,0.0,0.83400629267005,0.14,0.06,0.0,0.0,0.0
218,0.02948266215808725,0.0,0.02948266215808725,0.0,0.0,0.0,0.0,0.83400629267005,0.14,0.06,0.0,0.0,0.0
219,0.022335144369757476,0.0,0.022335144369757476,0.0,0.0,0.0,0.0,0.83400629267005,0.14,0.06,0.0,0.0,0.0
220,0.01983703859105225,0.0,0.01983703859105225,0.0,0.0,0.0,0.0,0.83400629267005,0.14,0.06,0.0,0.0,0.0
221,0.030837478463745,0.0,0.030837478463745,0.0,0.0,0.0,0.0,0.83400629267005,0.14,0.06,0.0,0.0,0.0
222,0.02972813774161025,0.0,0.02972813774161025,0.0,0.0,0.0,0.0,0.83400629267005,0.14,0.06,0.0,0.0,0.0
223,0.17337574862310526,0.0,0.17337574862310526,0.0,0.0,0.0,0.0,0.83400629267005,0.14,0.06,0.0,0.0,0.0
224,0.2530095947834575,0.0,0.2530095947834575,0.0,0.0,0.0,0.0,0.83400629267005,0.14,0.06,0.0,0.0,0.0
225,0.27156284830153,0.0,0.0,0.0,0.0,0.27156284830153,0.0,0.7625423852222789,0.24,0.06,0.0,0.0,0.0
226,0.33807576337833,0.0,0.0,0.0,0.0,0.33807576337833,0.0,0.6735750790700868,0.24,0.06,0.0,0.0,0.0
227,0.39760881526746,0.011832700107387687,0.0,0.0,0.0,0.3857761151600723,0.0,0.5720550487648046,0.24,0.06,0.011832700107387684,0.0,0.0
228,0.19193370273745874,0.022320775202572245,0.0,0.0,0.0,0.1696129275348865,0.0,0.5274200678345713,0.24,0.06,0.02232077520257225,0.0,0.0
229,0.20824007123358176,0.029850675270909836,0.0,0.0,0.0,0.17838939596267192,0.0,0.48047548994965766,0.24,0.06,0.029850675270909843,0.0,0.0
230,0.2065452451303205,0.03630487532948492,0.0,0.0,0.0,0.17024036980083557,0.0,0.4356753926336483,0.24,0.06,0.036304875329484926,0.0,0.0
231,0.167320336037216,0.04114552537341623,0.0,0.0,0.0,0.12617481066379976,0.0,0.40247149509054314,0.24,0.06,0.04114552537341623,0.0,0.0
232,0.08151617382634675,0.04706187542711012,0.0,0.0,0.0,0.03445429839923663,0.0,0.3934045744591651,0.24,0.06,0.04706187542711012,0.0,0.0
233,0.09083745625004574,0.05055790045883831,0.0,0.0,0.0,0.040279555791207435,0.0,0.38280469135621575,0.24,0.06,0.05055790045883831,0.0,0.0
234,0.16675417532968576,0.05486070049788838,0.0,0.0,0.0,0.11189347483179737,0.0,0.35335904008469016,0.24,0.06,0.05486070049788838,0.0,0.0
235,0.15267641175886826,0.0594324255393791,0.0,0.0,0.0,0.09324398621948915,0.0,0.32882114897429826,0.24,0.06,0.05943242553937911,0.0,0.0
236,0.112245016287171,0.11994055108852067,0.0,-0.0,0.007695534801349657,0.0,0.0,0.3306488384896188,0.24,0.06,0.112245016287171,0.007695534801349657,-0.0
237,0.2835013182763675,0.2076101018841659,0.0,0.0,0.0,0.07589121639220159,0.0,0.3106774657548289,0.24,0.06,0.2076101018841659,0.0,0.0
238,0.2729516133581025,0.26139510237229147,0.0,0.0,0.0,0.011556510985811008,0.0,0.3076362786532997,0.24,0.06,0.26139510237229147,0.0,0.0
239,0.09232545611697675,0.34906465316793694,0.0,-0.0,0.2567391970509602,0.0,0.0,0.36861183795290275,0.24,0.06,0.09232545611697675,0.2567391970509602,-0.0
240,0.1383829430476355,0.401236103641419,0.0,-0.0,0.2628531605937834,0.0,0.0,0.4310394635939263,0.24,0.06,0.1383829430476355,0.2628531605937834,-0.0
241,0.12459870560009476,0.4340449539391758,0.0,-0.0,0.3094462483390811,0.0,0.0,0.5045329475744581,0.24,0.06,0.12459870560009476,0.3094462483390811,-0.0
242,0.28121735077265,0.46739165424181367,0.0,-0.0,0.18617430346916364,0.0,0.0,0.5487493446483844,0.24,0.06,0.28121735077265,0.18617430346916364,-0.0
243,0.23226899712964924,0.42866645389036273,0.0,-0.0,0.1963974567607134,0.0,0.0,0.5953937406290538,0.24,0.06,0.23226899712964924,0.1963974567607134,-0.0
244,0.356638418088965,0.47357692929794865,0.0,-0.0,0.11693851120898358,0.0,0.0,0.6231666370411875,0.24,0.06,0.356638418088965,0.11693851120898358,-0.0
245,0.182873042263075,0.5322025798300054,0.0,-0.0,0.3493295375669304,0.0,0.0,0.7061324022133334,0.24,0.06,0.182873042263075,0.3493295375669304,-0.0
246,0.080534271492254,0.5504894799959682,0.0,0.0,0.4699552085037142,0.0,0.0,0.8177467642329656,0.24,0.06,0.080534271492254,0.4699552085037142,0.0
247,0.05984799183990675,0.5254794547689896,0.0,0.0,0.46563146292908286,0.0,0.0,0.9283342366786227,0.24,0.06,0.05984799183990675,0.46563146292908286,0.0
248,0.0392661698826755,0.39397512857552197,0.0,0.0,0.35470895869284647,0.0,0.0,1.0125776143681737,0.24,0.06,0.0392661698826755,0.35470895869284647,0.0
249,0.112201144055222,0.2845226525821858,0.0,-0.0,0.1723215085269638,0.0,0.0,1.0535039726433277,0.24,0.06,0.112201144055222,0.1723215085269638,-0.0
250,0.194993268627414,0.21191290192321585,0.0,-0.0,0.016919633295801845,0.0,0.0,1.0575223855510807,0.24,0.06,0.194993268627414,0.016919633295801845,-0.0
251,0.3432704445564625,0.18851642671088092,0.0,0.0,0.0,0.15475401784558157,0.0,1.0167976440127697,0.24,0.06,0.18851642671088092,0.0,0.0
252,0.3329698712410475,0.1901299767255248,0.0,0.0,0.0,0.14283989451552268,0.0,0.9792081980876322,0.24,0.06,0.1901299767255248,0.0,0.0
253,0.0414890296347495,0.21298860193297817,0.0,-0.0,0.17149957229822865,0.0,0.0,1.0199393465084614,0.24,0.06,0.0414890296347495,0.17149957229822865,-0.0
254,0.03551091574324625,0.22240097701840061,0.0,-0.0,0.18689006127515428,0.0,0.0,1.0643257360613105,0.24,0.06,0.03551091574324625,0.18689006127515428,-0.0
255,0.05271823185974675,0.17372555157664663,0.0,-0.0,0.12100731971689987,0.0,0.0,1.0930649744940744,0.24,0.06,0.05271823185974675,0.12100731971689987,-0.0
256,0.10769327222248025,0.1293529261739427,0.0,-0.0,0.02165965395146241,0.0,0.0,1.0982091423075466,0.24,0.06,0.10769327222248025,0.02165965395146241,-0.0
257,0.0808069060765075,0.09385482585177966,0.0,-0.0,0.013047919775272157,0.0,0.0,1.1013080232541739,0.24,0.06,0.0808069060765075,0.013047919775272157,-0.0
258,0.08980645879924826,0.08202212574439191,0.0,0.0,0.0,0.007784333054856346,0.0,1.0992595145555273,0.24,0.06,0.08202212574439191,0.0,0.0
259,0.107058691724649,0.07180297565164803,0.03525571607300097,0.0,0.0,0.0,0.0,1.0992595145555273,0.24,0.06,0.07180297565164803,0.0,0.0
260,0.0917159454659735,0.0631973755735479,0.0,0.0,0.0,0.0285185698924256,0.0,1.0917546277417312,0.24,0.06,0.0631973755735479,0.0,0.0
261,0.2527437499493875,0.05190252547104145,0.0,0.0,0.0,0.20084122447834601,0.0,1.0389016739316401,0.24,0.06,0.05190252547104146,0.0,0.0
262,0.268476123410845,0.03630487532948492,0.0,0.0,0.0,0.23217124808136005,0.0,0.9778039770681243,0.24,0.06,0.036304875329484926,0.0,0.0
263,0.144531845270654,0.022320775202572245,0.0,0.0,0.0,0.12221107006808174,0.0,0.9456431691554712,0.24,0.06,0.02232077520257225,0.0,0.0
264,0.10458931181210075,0.009950225090303284,0.09463908672179747,0.0,0.0,0.0,0.0,0.9456431691554713,0.24,0.06,0.009950225090303286,0.0,0.0
265,0.08355988863129625,0.0,0.08355988863129625,0.0,0.0,0.0,0.0,0.9456431691554713,0.24,0.06,0.0,0.0,0.0
266,0.13985527426029926,0.0,0.13985527426029926,0.0,0.0,0.0,0.0,0.9456431691554713,0.24,0.06,0.0,0.0,0.0
267,0.114786994297825,0.0,0.114786994297825,0.0,0.0,0.0,0.0,0.9456431691554713,0.24,0.06,0.0,0.0,0.0
268,0.2611990780805725,0.0,0.2611990780805725,0.0,0.0,0.0,0.0,0.9456431691554713,0.24,0.06,0.0,0.0,0.0
269,0.3381316482452175,0.0,0.3381316482452175,0.0,0.0,0.0,0.0,0.9456431691554713,0.24,0.06,0.0,0.0,0.0
270,0.28077758387621,0.0,0.28077758387621,0.0,0.0,0.0,0.0,0.9456431691554713,0.24,0.06,0.0,0.0,0.0
271,0.2911700799633275,0.0,0.2522981818881514,0.0,0.0,0.038871898075176124,0.0,0.9354137222935828,0.24,0.06,0.0,0.0,0.0
272,0.3350276878348375,0.0,0.0,0.0,0.0,0.3350276878348375,0.0,0.8472485412844151,0.24,0.06,0.0,0.0,0.0
273,0.306012473862395,0.0,0.0,0.0,0.0,0.306012473862395,0.0,0.7667189428995743,0.24,0.06,0.0,0.0,0.0
274,0.19369694863102124,0.0,0.0,0.0,0.0,0.19369694863102124,0.0,0.7157460616808845,0.24,0.06,0.0,0.0,0.0
275,0.212100305356603,0.0,0.0,0.0,0.0,0.212100305356603,0.0,0.6599301918501995,0.24,0.06,0.0,0.0,0.0
276,0.191721653616373,0.0,0.0,0.0,0.0,0.191721653616373,0.0,0.6094771251090487,0.24,0.06,0.0,0.0,0.0
277,0.21574901264701374,0.0,0.0,0.0,0.0,0.21574901264701374,0.0,0.5527010691493083,0.24,0.06,0.0,0.0,0.0
278,0.3084526056203125,0.0,0.0,0.0,0.0,0.3084526056203125,0.0,0.4715293308281734,0.24,0.06,0.0,0.0,0.0
279,0.27765377650376,0.0,0.0,0.0,0.0,0.27765377650376,0.0,0.39846254753771027,0.24,0.06,0.0,0.0,0.0
280,0.399238355311275,0.0,0.0,0.0,0.0,0.399238355311275,0.0,0.29339982245579577,0.24,0.06,0.0,0.0,0.0
281,0.2774432942481,0.0,0.2774432942481,0.0,0.0,0.0,0.0,0.29339982245579577,0.14,0.06,0.0,0.0,0.0
282,0.18858844505136074,0.0,0.18858844505136074,0.0,0.0,0.0,0.0,0.29339982245579577,0.14,0.06,0.0,0.0,0.0
283,0.19791233891743776,0.0,0.19791233891743776,0.0,0.0,0.0,0.0,0.29339982245579577,0.14,0.06,0.0,0.0,0.0
284,0.328534075217935,0.0,0.328534075217935,0.0,0.0,0.0,0.0,0.29339982245579577,0.14,0.06,0.0,0.0,0.0
285,0.1654636005065245,0.0,0.1654636005065245,0.0,0.0,0.0,0.0,0.29339982245579577,0.14,0.06,0.0,0.0,0.0
286,0.348062963608395,0.0,0.348062963608395,0.0,0.0,0.0,0.0,0.29339982245579577,0.14,0.06,0.0,0.0,0.0
287,0.3034898205253375,0.0,0.3034898205253375,0.0,0.0,0.0,0.0,0.29339982245579577,0.14,0.06,0.0,0.0,0.0
288,0.12281509045598475,0.0,0.12281509045598475,0.0,0.0,0.0,0.0,0.29339982245579577,0.14,0.06,0.0,0.0,0.0
289,0.08274616318634075,0.0,0.08274616318634075,0.0,0.0,0.0,0.0,0.29339982245579577,0.14,0.06,0.0,0.0,0.0
290,0.05720103384566075,0.0,0.05720103384566075,0.0,0.0,0.0,0.0,0.29339982245579577,0.14,0.06,0.0,0.0,0.0
291,0.083466921282643,0.0,0.083466921282643,0.0,0.0,0.0,0.0,0.29339982245579577,0.14,0.06,0.0,0.0,0.0
292,0.08108424125704125,0.0,0.08108424125704125,0.0,0.0,0.0,0.0,0.29339982245579577,0.14,0.06,0.0,0.0,0.0
293,0.0487383936758175,0.0,0.0487383936758175,0.0,0.0,0.0,0.0,0.29339982245579577,0.14,0.06,0.0,0.0,0.0
294,0.035965306717002,0.0,0.035965306717002,0.0,0.0,0.0,0.0,0.29339982245579577,0.14,0.06,0.0,0.0,0.0
295,0.027437380487711,0.0,0.027437380487711,0.0,0.0,0.0,0.0,0.29339982245579577,0.14,0.06,0.0,0.0,0.0
296,0.020342613835414924,0.0,0.020342613835414924,0.0,0.0,0.0,0.0,0.29339982245579577,0.14,0.06,0.0,0.0,0.0
297,0.0414702272496285,0.0,0.0414702272496285,0.0,0.0,0.0,0.0,0.29339982245579577,0.14,0.06,0.0,0.0,0.0
298,0.0400433351343405,0.0,0.0400433351343405,0.0,0.0,0.0,0.0,0.29339982245579577,0.14,0.06,0.0,0.0,0.0
299,0.07659673867484675,0.0,0.07659673867484675,0.0,0.0,0.0,0.0,0.29339982245579577,0.14,0.06,0.0,0.0,0.0
300,0.06357556469013025,0.0,0.06357556469013025,0.0,0.0,0.0,0.0,0.29339982245579577,0.14,0.06,0.0,0.0,0.0
301,0.023185430008003775,0.0,0.023185430008003775,0.0,0.0,0.0,0.0,0.29339982245579577,0.14,0.06,0.0,0.0,0.0
302,0.028062037504506,0.0,0.028062037504506,0.0,0.0,0.0,0.0,0.29339982245579577,0.14,0.06,0.0,0.0,0.0
303,0.03827800008687575,0.0,0.03827800008687575,0.0,0.0,0.0,0.0,0.29339982245579577,0.14,0.06,0.0,0.0,0.0
304,0.021574692349311125,0.0,0.021574692349311125,0.0,0.0,0.0,0.0,0.29339982245579577,0.14,0.06,0.0,0.0,0.0
305,0.032089926228189,0.0,0.032089926228189,0.0,0.0,0.0,0.0,0.29339982245579577,0.14,0.06,0.0,0.0,0.0
306,0.03395292922058725,0.0,0.03395292922058725,0.0,0.0,0.0,0.0,0.29339982245579577,0.14,0.06,0.0,0.0,0.0
307,0.047109898208955,0.0,0.047109898208955,0.0,0.0,0.0,0.0,0.29339982245579577,0.14,0.06,0.0,0.0,0.0
308,0.08811946702312075,0.0,0.08811946702312075,0.0,0.0,0.0,0.0,0.29339982245579577,0.14,0.06,0.0,0.0,0.0
309,0.05994565978484025,0.0,0.05994565978484025,0.0,0.0,0.0,0.0,0.29339982245579577,0.14,0.06,0.0,0.0,0.0
310,0.021343318554628624,0.0,0.021343318554628624,0.0,0.0,0.0,0.0,0.29339982245579577,0.14,0.06,0.0,0.0,0.0
311,0.0324497829878645,0.0,0.0324497829878645,0.0,0.0,0.0,0.0,0.29339982245579577,0.14,0.06,0.0,0.0,0.0
312,0.0333601318008025,0.0,0.0333601318008025,0.0,0.0,0.0,0.0,0.29339982245579577,0.14,0.06,0.0,0.0,0.0
313,0.02359333730743275,0.0,0.02359333730743275,0.0,0.0,0.0,0.0,0.29339982245579577,0.14,0.06,0.0,0.0,0.0
314,0.029819538224837,0.0,0.029819538224837,0.0,0.0,0.0,0.0,0.29339982245579577,0.14,0.06,0.0,0.0,0.0
315,0.037399510870948,0.0,0.037399510870948,0.0,0.0,0.0,0.0,0.29339982245579577,0.14,0.06,0.0,0.0,0.0
316,0.03563626497738575,0.0,0.03563626497738575,0.0,0.0,0.0,0.0,0.29339982245579577,0.14,0.06,0.0,0.0,0.0
317,0.13526697000231774,0.0,0.13526697000231774,0.0,0.0,0.0,0.0,0.29339982245579577,0.14,0.06,0.0,0.0,0.0
318,0.09840802770359625,0.0,0.09840802770359625,0.0,0.0,0.0,0.0,0.29339982245579577,0.14,0.06,0.0,0.0,0.0
319,0.0958132985569085,0.0,0.0958132985569085,0.0,0.0,0.0,0.0,0.29339982245579577,0.14,0.06,0.0,0.0,0.0
320,0.19906555187152125,0.0,0.19906555187152125,0.0,0.0,0.0,0.0,0.29339982245579577,0.14,0.06,0.0,0.0,0.0
321,0.3629001346227075,0.0,0.0,0.0,0.0,0.3629001346227075,0.0,0.19789978702876748,0.24,0.06,0.0,0.0,0.0
322,0.16172558188678926,0.0,0.0,0.0,0.0,0.16172558188678926,0.0,0.15534042337434925,0.24,0.06,0.0,0.0,0.0
323,0.193072291614226,0.018555825168403435,0.17451646644582258,0.0,0.0,0.0,0.0,0.15534042337434925,0.24,0.06,0.018555825168403428,0.0,0.0
324,0.357425506821665,0.034960250317281755,0.3224652565043833,0.0,0.0,0.0,0.0,0.15534042337434925,0.24,0.06,0.03496025031728173,0.0,0.0
325,0.1002125343867295,0.04275907538806007,0.0,0.0,0.0,0.05745345899866943,0.0,0.14022109205890992,0.24,0.06,0.04275907538806007,0.0,0.0
326,0.1080808102713615,0.04733080042955075,0.0,0.0,0.0,0.060750009841810754,0.0,0.12423424736369656,0.24,0.06,0.04733080042955075,0.0,0.0
327,0.06853051545796975,0.052440375475922764,0.0,0.0,0.0,0.016090139982046982,0.0,0.12,0.24,0.06,0.052440375475922764,0.0,0.0
328,0.05921288905359975,0.05916350053693844,4.938851666130839e-05,0.0,0.0,0.0,0.0,0.12,0.24,0.06,0.05916350053693844,0.0,0.0
329,0.058295750490479,0.06588662559795415,0.0,-0.0,0.007590875107475137,0.0,0.0,0.12180283283802534,0.24,0.06,0.058295750490479,0.007590875107475137,-0.0
330,0.13887493879163326,0.06911372562724172,0.06291044837989522,0.0,0.0,0.006850764784496322,0.0,0.12,0.24,0.06,0.06911372562724173,0.0,0.0
331,0.2311074275599565,0.06723125061015735,0.16387617694979917,0.0,0.0,0.0,0.0,0.12,0.24,0.06,0.06723125061015733,0.0,0.0
332,0.18842444647002826,0.12424335112757073,0.06418109534245753,0.0,0.0,0.0,0.0,0.12,0.24,0.06,0.12424335112757073,0.0,0.0
333,0.06142582532463775,0.20922365189880973,0.0,-0.0,0.14779782657417195,0.0,0.0,0.15510198381136583,0.24,0.06,0.06142582532463775,0.14779782657417195,-0.0
334,0.040383344931944,0.263277577389376,0.0,-0.0,0.222894232457432,0.0,0.0,0.20803936402000595,0.24,0.06,0.040383344931944,0.222894232457432,-0.0
335,0.19687455171645776,0.3501403531776995,0.0,-0.0,0.15326580146124172,0.0,0.0,0.24443999186705084,0.24,0.06,0.19687455171645776,0.15326580146124172,-0.0
336,0.275758391625875,0.401236103641419,0.0,-0.0,0.12547771201554392,0.0,0.0,0.27424094847074254,0.24,0.06,0.275758391625875,0.12547771201554392,-0.0
337,0.1297092983336575,0.43888560398310683,0.0,-0.0,0.3091763056494492,0.0,0.0,0.34767032106248674,0.24,0.06,0.1297092983336575,0.3091763056494492,-0.0
338,0.09985685593485875,0.47303907929306727,0.0,0.0,0.3731822233582085,0.0,0.0,0.43630109911006126,0.24,0.06,0.09985685593485875,0.3731822233582085,0.0
339,0.15953928232800624,0.42194332882934754,0.0,-0.0,0.2624040465013413,0.0,0.0,0.4986220601541298,0.24,0.06,0.15953928232800624,0.2624040465013413,-0.0
340,0.171153411159507,0.4641645542125263,0.0,-0.0,0.2930111430530193,0.0,0.0,0.5682122066292219,0.24,0.06,0.171153411159507,0.2930111430530193,-0.0
341,0.17603419696381375,0.5163360046860084,0.0,-0.0,0.34030180772219465,0.0,0.0,0.6490338859632431,0.24,0.06,0.17603419696381375,0.34030180772219465,-0.0
342,0.112075272532607,0.5424217299227492,0.0,0.0,0.43034645739014216,0.0,0.0,0.7512411695934018,0.24,0.06,0.112075272532607,0.43034645739014216,0.0
343,0.12845528370378675,0.5343539798495304,0.0,-0.0,0.4058986961457436,0.0,0.0,0.8476421099280159,0.24,0.06,0.12845528370378675,0.4058986961457436,-0.0
344,0.21128344618079375,0.3899412535389125,0.0,-0.0,0.17865780735811876,0.0,0.0,0.8900733391755691,0.24,0.06,0.21128344618079375,0.17865780735811876,-0.0
345,0.297089697545565,0.28882545262123566,0.0,0.0,0.0,0.008264244924329367,0.0,0.887898537879693,0.24,0.06,0.28882545262123566,0.0,0.0
346,0.232495148039576,0.21756032697446928,0.0,0.0,0.0,0.014934821065106713,0.0,0.883968321809928,0.24,0.06,0.21756032697446928,0.0,0.0
347,0.125355501601212,0.18905427671576253,0.0,-0.0,0.06369877511455052,0.0,0.0,0.8990967808996337,0.24,0.06,0.125355501601212,0.06369877511455052,-0.0
348,0.2426003854651225,0.1863650266913561,0.0,0.0,0.0,0.0562353587737664,0.0,0.8842980022749584,0.24,0.06,0.1863650266913561,0.0,0.0
349,0.11240797029155225,0.2084168768914877,0.0,-0.0,0.09600890659993544,0.0,0.0,0.907100117592443,0.24,0.06,0.11240797029155225,0.09600890659993544,-0.0
350,0.10124823243380725,0.21702247696958768,0.0,-0.0,0.11577424453578034,0.0,0.0,0.9345965006696908,0.24,0.06,0.10124823243380725,0.11577424453578034,-0.0
351,0.109574555311524,0.1686159765302746,0.0,-0.0,0.0590414212187506,0.0,0.0,0.948618838209144,0.24,0.06,0.109574555311524,0.0590414212187506,-0.0
352,0.0984289192426195,0.12827722616418016,0.0,-0.0,0.029848306921560666,0.0,0.0,0.9557078111030147,0.24,0.06,0.0984289192426195,0.029848306921560666,-0.0
353,0.104456650539303,0.09493052586154206,0.0,0.0,0.0,0.009526124677760942,0.0,0.9532009361878144,0.24,0.06,0.09493052586154206,0.0,0.0
354,0.16318955648384376,0.08363567575903565,0.0,0.0,0.0,0.07955388072480811,0.0,0.9322657044181281,0.24,0.06,0.08363567575903565,0.0,0.0
355,0.120885234538712,0.07234082565652929,0.0,0.0,0.0,0.04854440888218271,0.0,0.9194908599754484,0.24,0.06,0.07234082565652929,0.0,0.0
356,0.119228535494168,0.06427307558331037,0.0,0.0,0.0,0.054955459910857624,0.0,0.9050288968410123,0.24,0.06,0.06427307558331037,0.0,0.0
357,0.1381761168113055,0.0532471504832446,0.0,0.0,0.0,0.0849289663280609,0.0,0.8826791688599436,0.24,0.06,0.053247150483244604,0.0,0.0
358,0.13765487291267525,0.03711165033680685,0.0,0.0,0.0,0.1005432225758684,0.0,0.8562204260768204,0.24,0.06,0.037111650336806856,0.0,0.0
359,0.3332085570743875,0.023127550209894147,0.0,0.0,0.0,0.31008100686449336,0.0,0.77462016111248,0.24,0.06,0.023127550209894154,0.0,0.0
360,0.545367358740255,0.011294850102506427,0.0,0.0,0.0,0.5340725086377486,0.0,0.6340747641025462,0.24,0.06,0.011294850102506415,0.0,0.0
361,0.4945977851829025,0.0,0.4945977851829025,0.0,0.0,0.0,0.0,0.6340747641025462,0.24,0.06,0.0,0.0,0.0
362,0.411297996212445,0.0,0.411297996212445,0.0,0.0,0.0,0.0,0.6340747641025462,0.24,0.06,0.0,0.0,0.0
363,0.36043649988339,0.0,0.36043649988339,0.0,0.0,0.0,0.0,0.6340747641025462,0.24,0.06,0.0,0.0,0.0
364,0.386646502453485,0.0,0.386646502453485,0.0,0.0,0.0,0.0,0.6340747641025462,0.24,0.06,0.0,0.0,0.0
365,0.393627410218105,0.0,0.393627410218105,0.0,0.0,0.0,0.0,0.6340747641025462,0.24,0.06,0.0,0.0,0.0
366,0.3482504651711275,0.0,0.3482504651711275,0.0,0.0,0.0,0.0,0.6340747641025462,0.24,0.06,0.0,0.0,0.0
367,0.3385896952383025,0.0,0.3385896952383025,0.0,0.0,0.0,0.0,0.6340747641025462,0.24,0.06,0.0,0.0,0.0
368,0.4288019721830775,0.0,0.4288019721830775,0.0,0.0,0.0,0.0,0.6340747641025462,0.24,0.06,0.0,0.0,0.0
369,0.52959790279703,0.0,0.52959790279703,0.0,0.0,0.0,0.0,0.6340747641025462,0.24,0.06,0.0,0.0,0.0
370,0.2566666586894775,0.0,0.2566666586894775,0.0,0.0,0.0,0.0,0.6340747641025462,0.24,0.06,0.0,0.0,0.0
371,0.17723859418850424,0.0,0.17723859418850424,0.0,0.0,0.0,0.0,0.6340747641025462,0.24,0.06,0.0,0.0,0.0
372,0.224694247368294,0.0,0.224694247368294,0.0,0.0,0.0,0.0,0.6340747641025462,0.24,0.06,0.0,0.0,0.0
373,0.1482855325446565,0.0,0.1482855325446565,0.0,0.0,0.0,0.0,0.6340747641025462,0.24,0.06,0.0,0.0,0.0
374,0.2208695288616125,0.0,0.2208695288616125,0.0,0.0,0.0,0.0,0.6340747641025462,0.24,0.06,0.0,0.0,0.0
375,0.2764483347021175,0.0,0.11157834697268718,0.0,0.0,0.16486998772943032,0.0,0.5906879252263803,0.24,0.06,0.0,0.0,0.0
376,0.35869205637495,0.0,0.0,0.0,0.0,0.35869205637495,0.0,0.49629527881191976,0.24,0.06,0.0,0.0,0.0
377,0.2789506187886275,0.0,0.2789506187886275,0.0,0.0,0.0,0.0,0.49629527881191976,0.14,0.06,0.0,0.0,0.0
378,0.3329829284529375,0.0,0.3329829284529375,0.0,0.0,0.0,0.0,0.49629527881191976,0.14,0.06,0.0,0.0,0.0
379,0.18179921715728,0.0,0.18179921715728,0.0,0.0,0.0,0.0,0.4962952788119197,0.14,0.06,0.0,0.0,0.0
380,0.2861785690021975,0.0,0.2861785690021975,0.0,0.0,0.0,0.0,0.4962952788119197,0.14,0.06,0.0,0.0,0.0
381,0.3059905377464225,0.0,0.3059905377464225,0.0,0.0,0.0,0.0,0.4962952788119197,0.14,0.06,0.0,0.0,0.0
382,0.20965965131021175,0.0,0.20965965131021175,0.0,0.0,0.0,0.0,0.4962952788119197,0.14,0.06,0.0,0.0,0.0
383,0.29807368903356,0.0,0.29807368903356,0.0,0.0,0.0,0.0,0.4962952788119197,0.14,0.06,0.0,0.0,0.0
384,0.365382571747145,0.0,0.365382571747145,0.0,0.0,0.0,0.0,0.4962952788119197,0.14,0.06,0.0,0.0,0.0
385,0.1488093878856645,0.0,0.1488093878856645,0.0,0.0,0.0,0.0,0.4962952788119197,0.14,0.06,0.0,0.0,0.0
386,0.15162817878837676,0.0,0.15162817878837676,0.0,0.0,0.0,0.0,0.4962952788119197,0.14,0.06,0.0,0.0,0.0
387,0.14353793030162276,0.0,0.14353793030162276,0.0,0.0,0.0,0.0,0.4962952788119197,0.14,0.06,0.0,0.0,0.0
388,0.14902874904540875,0.0,0.14902874904540875,0.0,0.0,0.0,0.0,0.4962952788119197,0.14,0.06,0.0,0.0,0.0
389,0.066669079330998,0.0,0.066669079330998,0.0,0.0,0.0,0.0,0.4962952788119197,0.14,0.06,0.0,0.0,0.0
390,0.06781027965014325,0.0,0.06781027965014325,0.0,0.0,0.0,0.0,0.4962952788119197,0.14,0.06,0.0,0.0,0.0
391,0.0552205159462565,0.0,0.0552205159462565,0.0,0.0,0.0,0.0,0.4962952788119197,0.14,0.06,0.0,0.0,0.0
392,0.06384558783200575,0.0,0.06384558783200575,0.0,0.0,0.0,0.0,0.4962952788119197,0.14,0.06,0.0,0.0,0.0
393,0.09041596945025175,0.0,0.09041596945025175,0.0,0.0,0.0,0.0,0.4962952788119197,0.14,0.06,0.0,0.0,0.0
394,0.05289789909534675,0.0,0.05289789909534675,0.0,0.0,0.0,0.0,0.4962952788119197,0.14,0.06,0.0,0.0,0.0
395,0.0382821783946805,0.0,0.0382821783946805,0.0,0.0,0.0,0.0,0.4962952788119197,0.14,0.06,0.0,0.0,0.0
396,0.0296706860092965,0.0,0.0296706860092965,0.0,0.0,0.0,0.0,0.4962952788119197,0.14,0.06,0.0,0.0,0.0
397,0.022605167511632974,0.0,0.022605167511632974,0.0,0.0,0.0,0.0,0.4962952788119197,0.14,0.06,0.0,0.0,0.0
398,0.038164141199199,0.0,0.038164141199199,0.0,0.0,0.0,0.0,0.4962952788119197,0.14,0.06,0.0,0.0,0.0
399,0.0264612233268495,0.0,0.0264612233268495,0.0,0.0,0.0,0.0,0.4962952788119197,0.14,0.06,0.0,0.0,0.0
400,0.07309427215759876,0.0,0.07309427215759876,0.0,0.0,0.0,0.0,0.4962952788119197,0.14,0.06,0.0,0.0,0.0
401,0.087904806459657,0.0,0.087904806459657,0.0,0.0,0.0,0.0,0.4962952788119197,0.14,0.06,0.0,0.0,0.0
402,0.023895220046318725,0.0,0.023895220046318725,0.0,0.0,0.0,0.0,0.4962952788119197,0.14,0.06,0.0,0.0,0.0
403,0.02938029361687325,0.0,0.02938029361687325,0.0,0.0,0.0,0.0,0.4962952788119197,0.14,0.06,0.0,0.0,0.0
404,0.035365197258559,0.0,0.035365197258559,0.0,0.0,0.0,0.0,0.4962952788119197,0.14,0.06,0.0,0.0,0.0
405,0.0213386179583484,0.0,0.0213386179583484,0.0,0.0,0.0,0.0,0.4962952788119197,0.14,0.06,0.0,0.0,0.0
406,0.03430025105684875,0.0,0.03430025105684875,0.0,0.0,0.0,0.0,0.4962952788119197,0.14,0.06,0.0,0.0,0.0
407,0.03265713151267025,0.0,0.03265713151267025,0.0,0.0,0.0,0.0,0.4962952788119197,0.14,0.06,0.0,0.0,0.0
408,0.0344652942151325,0.0,0.0344652942151325,0.0,0.0,0.0,0.0,0.4962952788119197,0.14,0.06,0.0,0.0,0.0
409,0.091266255088498,0.0,0.091266255088498,0.0,0.0,0.0,0.0,0.4962952788119197,0.14,0.06,0.0,0.0,0.0
410,0.105625532147654,0.0,0.105625532147654,0.0,0.0,0.0,0.0,0.4962952788119197,0.14,0.06,0.0,0.0,0.0
411,0.048369658012057,0.0,0.048369658012057,0.0,0.0,0.0,0.0,0.4962952788119197,0.14,0.06,0.0,0.0,0.0
412,0.0356440993045195,0.0,0.0356440993045195,0.0,0.0,0.0,0.0,0.4962952788119197,0.14,0.06,0.0,0.0,0.0
413,0.021891199165513374,0.0,0.021891199165513374,0.0,0.0,0.0,0.0,0.4962952788119197,0.14,0.06,0.0,0.0,0.0
414,0.03787949398000725,0.0,0.03787949398000725,0.0,0.0,0.0,0.0,0.4962952788119197,0.14,0.06,0.0,0.0,0.0
415,0.07201000128229225,0.0,0.07201000128229225,0.0,0.0,0.0,0.0,0.4962952788119197,0.14,0.06,0.0,0.0,0.0
416,0.248817707478442,0.0,0.248817707478442,0.0,0.0,0.0,0.0,0.4962952788119197,0.14,0.06,0.0,0.0,0.0
417,0.24222329318575275,0.0,0.0,0.0,0.0,0.24222329318575275,0.0,0.43255230692093216,0.24,0.06,0.0,0.0,0.0
418,0.26453963517039,0.0,0.0,0.0,0.0,0.26453963517039,0.0,0.3629366134550401,0.24,0.06,0.0,0.0,0.0
419,0.17644105968629176,0.01586657514399712,0.0,0.0,0.0,0.16057448454229464,0.0,0.32068017015443623,0.24,0.06,0.015866575143997114,0.0,0.0
420,0.1873203286326495,0.02689250024406294,0.0,0.0,0.0,0.16042782838858655,0.0,0.2784623205784924,0.24,0.06,0.02689250024406295,0.0,0.0
421,0.15720935343843825,0.035229175319722424,0.0,0.0,0.0,0.12198017811871584,0.0,0.24636227370514613,0.24,0.06,0.03522917531972242,0.0,0.0
422,0.08270385781981875,0.042221225383178795,0.0,0.0,0.0,0.04048263243663995,0.0,0.23570894937971457,0.24,0.06,0.042221225383178795,0.0,0.0
423,0.096417586323156,0.05002005045395701,0.0,0.0,0.0,0.046397535869198994,0.0,0.22349907151939902,0.24,0.06,0.05002005045395701,0.0,0.0
424,0.0850766143643845,0.0594324255393791,0.0,0.0,0.0,0.025644188825005403,0.0,0.21675060077597655,0.24,0.06,0.0594324255393791,0.0,0.0
425,0.077394795465535,0.06696232560771669,0.0,0.0,0.0,0.010432469857818316,0.0,0.21400521397128752,0.24,0.06,0.06696232560771669,0.0,0.0
426,0.108630257747673,0.07180297565164803,0.0,0.0,0.0,0.03682728209602497,0.0,0.2043138239460178,0.24,0.06,0.07180297565164803,0.0,0.0
427,0.20359953812804224,0.08067750073218882,0.0,0.0,0.0,0.12292203739585342,0.0,0.17196591936816163,0.24,0.06,0.08067750073218882,0.0,0.0
428,0.326016644765635,0.12854615116662077,0.0,0.0,0.0,0.19747049359901425,0.0,0.12,0.24,0.06,0.12854615116662077,0.0,0.0
429,0.16925593712772025,0.221863127013519,0.0,-0.0,0.05260718988579871,0.0,0.0,0.1324942075978772,0.24,0.06,0.16925593712772025,0.05260718988579871,-0.0
430,0.09827536643079875,0.2748413524943234,0.0,-0.0,0.17656598606352464,0.0,0.0,0.1744286292879643,0.24,0.06,0.09827536643079875,0.17656598606352464,-0.0
431,0.249734323753087,0.35040927818014,0.0,-0.0,0.10067495442705302,0.0,0.0,0.19833893096438937,0.24,0.06,0.249734323753087,0.10067495442705302,-0.0
432,0.330079004528705,0.4031185786585032,0.0,-0.0,0.07303957412979822,0.0,0.0,0.21568582982021645,0.24,0.06,0.330079004528705,0.07303957412979822,-0.0
433,0.115008966899947,0.43108677891232833,0.0,-0.0,0.3160778120123813,0.0,0.0,0.290754310173157,0.24,0.06,0.115008966899947,0.3160778120123813,-0.0
434,0.2887174132819975,0.45878605416371304,0.0,-0.0,0.17006864088171553,0.0,0.0,0.33114561238256446,0.24,0.06,0.2887174132819975,0.17006864088171553,-0.0
435,0.20633424058618574,0.4197919288098224,0.0,-0.0,0.21345768822363667,0.0,0.0,0.3818418133356782,0.24,0.06,0.20633424058618574,0.21345768822363667,-0.0
436,0.128513780013052,0.452062929102698,0.0,-0.0,0.32354914908964605,0.0,0.0,0.45868473624446915,0.24,0.06,0.128513780013052,0.32354914908964605,-0.0
437,0.08522024369516926,0.5066547045981459,0.0,0.0,0.42143446090297665,0.0,0.0,0.558775420708926,0.24,0.06,0.08522024369516926,0.42143446090297665,0.0
438,0.0529344592886375,0.5313958048226837,0.0,0.0,0.4784613455340462,0.0,0.0,0.672409990273262,0.24,0.06,0.0529344592886375,0.4784613455340462,0.0
439,0.03727520621375975,0.5270930047836334,0.0,0.0,0.4898177985698737,0.0,0.0,0.788741717433607,0.24,0.06,0.03727520621375975,0.4898177985698737,0.0
440,0.05447991088788225,0.3990847036218939,0.0,-0.0,0.3446047927340117,0.0,0.0,0.8705853557079347,0.24,0.06,0.05447991088788225,0.3446047927340117,-0.0
441,0.0967837105445385,0.2909768526407606,0.0,-0.0,0.19419314209622213,0.0,0.0,0.9167062269557875,0.24,0.06,0.0967837105445385,0.19419314209622213,-0.0
442,0.09777396949424075,0.22939302708185688,0.0,-0.0,0.13161905758761613,0.0,0.0,0.9479657531328464,0.24,0.06,0.09777396949424075,0.13161905758761613,-0.0
443,0.131341449819849,0.2035762268475564,0.0,-0.0,0.07223477702770742,0.0,0.0,0.9651215126769269,0.24,0.06,0.131341449819849,0.07223477702770742,-0.0
444,0.13244922367655676,0.19631525178165946,0.0,-0.0,0.06386602810510267,0.0,0.0,0.9802896943518888,0.24,0.06,0.13244922367655676,0.06386602810510267,-0.0
445,0.0579061232876955,0.21271967693053798,0.0,-0.0,0.15481355364284247,0.0,0.0,1.0170579133420639,0.24,0.06,0.0579061232876955,0.15481355364284247,-0.0
446,0.11223143678680575,0.21917387698911278,0.0,-0.0,0.10694244020230703,0.0,0.0,1.0424567428901117,0.24,0.06,0.11223143678680575,0.10694244020230703,-0.0
447,0.255663342527885,0.17157415155712155,0.08408919097076342,0.0,0.0,0.0,0.0,1.0424567428901117,0.24,0.06,0.17157415155712155,0.0,0.0
448,0.224066978909121,0.12558797613977388,0.0,0.0,0.0,0.09847900276934712,0.0,1.0165412158455467,0.24,0.06,0.12558797613977388,0.0,0.0
449,0.215956883460295,0.10030902591035479,0.0,0.0,0.0,0.11564785754994023,0.0,0.9861075691218782,0.24,0.06,0.10030902591035479,0.0,0.0
450,0.1794572756327735,0.08766955079564516,0.09178772483712834,0.0,0.0,0.0,0.0,0.9861075691218782,0.24,0.06,0.08766955079564516,0.0,0.0
451,0.1364933033429825,0.07664362569557934,0.05984967764740318,0.0,0.0,0.0,0.0,0.9861075691218781,0.24,0.06,0.07664362569557934,0.0,0.0
452,0.1240576147393925,0.06723125061015735,0.056826364129235155,0.0,0.0,0.0,0.0,0.9861075691218781,0.24,0.06,0.06723125061015735,0.0,0.0
453,0.274522134804175,0.0553985505027696,0.21912358430140538,0.0,0.0,0.0,0.0,0.9861075691218781,0.24,0.06,0.055398550502769595,0.0,0.0
454,0.3196630054601875,0.03738057533924751,0.28228243012094,0.0,0.0,0.0,0.0,0.9861075691218781,0.24,0.06,0.03738057533924749,0.0,0.0
455,0.15747989886878924,0.022051850200131593,0.0,0.0,0.0,0.13542804866865765,0.0,0.9504686089459156,0.24,0.06,0.02205185020013159,0.0,0.0
456,0.095311379331875,0.010488075095184537,0.08482330423669046,0.0,0.0,0.0,0.0,0.9504686089459156,0.24,0.06,0.01048807509518454,0.0,0.0
457,0.3778532536786,0.00026892500244062945,0.3775843286761594,0.0,0.0,0.0,0.0,0.9504686089459156,0.24,0.06,0.0002689250024406342,0.0,0.0
458,0.482420629374725,0.0,0.482420629374725,0.0,0.0,0.0,0.0,0.9504686089459156,0.24,0.06,0.0,0.0,0.0
459,0.5135730477892475,0.0,0.5135730477892475,0.0,0.0,0.0,0.0,0.9504686089459156,0.24,0.06,0.0,0.0,0.0
460,0.587780838976785,0.0,0.587780838976785,0.0,0.0,0.0,0.0,0.9504686089459156,0.24,0.06,0.0,0.0,0.0
461,0.6002630112547,0.0,0.6002630112547,0.0,0.0,0.0,0.0,0.9504686089459156,0.24,0.06,0.0,0.0,0.0
462,0.4492668015217775,0.0,0.4492668015217775,0.0,0.0,0.0,0.0,0.9504686089459156,0.24,0.06,0.0,0.0,0.0
463,0.1926001428323005,0.0,0.1926001428323005,0.0,0.0,0.0,0.0,0.9504686089459156,0.24,0.06,0.0,0.0,0.0
464,0.2329521504557095,0.0,0.020969177054726867,0.0,0.0,0.21198297340098263,0.0,0.8946836159456569,0.24,0.06,0.0,0.0,0.0
465,0.249248073182321,0.0,0.0,0.0,0.0,0.249248073182321,0.0,0.829092017739783,0.24,0.06,0.0,0.0,0.0
466,0.18401580944764676,0.0,0.0,0.0,0.0,0.18401580944764676,0.0,0.7806668047272444,0.24,0.06,0.0,0.0,0.0
467,0.1897500146210535,0.0,0.0,0.0,0.0,0.1897500146210535,0.0,0.7307325903532829,0.24,0.06,0.0,0.0,0.0
468,0.27378988636141,0.0,0.0,0.0,0.0,0.27378988636141,0.0,0.658682620258175,0.24,0.06,0.0,0.0,0.0
469,0.266934850119405,0.0,0.0,0.0,0.0,0.266934850119405,0.0,0.588436607068858,0.24,0.06,0.0,0.0,0.0
470,0.2859059344179425,0.0,0.0,0.0,0.0,0.2859059344179425,0.0,0.5131982032746626,0.24,0.06,0.0,0.0,0.0
471,0.2853831236538875,0.0,0.0,0.0,0.0,0.2853831236538875,0.0,0.43809738126048164,0.24,0.06,0.0,0.0,0.0
472,0.3574949711889175,0.0,0.0,0.0,0.0,0.3574949711889175,0.0,0.3440197572633981,0.24,0.06,0.0,0.0,0.0
473,0.4400609448511825,0.0,0.4400609448511825,0.0,0.0,0.0,0.0,0.3440197572633981,0.14,0.06,0.0,0.0,0.0
474,0.22641988849161476,0.0,0.22641988849161476,0.0,0.0,0.0,0.0,0.3440197572633981,0.14,0.06,0.0,0.0,0.0
475,0.30238100209168,0.0,0.30238100209168,0.0,0.0,0.0,0.0,0.3440197572633981,0.14,0.06,0.0,0.0,0.0
476,0.3015714549545275,0.0,0.3015714549545275,0.0,0.0,0.0,0.0,0.3440197572633981,0.14,0.06,0.0,0.0,0.0
477,0.199607165020699,0.0,0.199607165020699,0.0,0.0,0.0,0.0,0.3440197572633981,0.14,0.06,0.0,0.0,0.0
478,0.21077682635948,0.0,0.21077682635948,0.0,0.0,0.0,0.0,0.3440197572633981,0.14,0.06,0.0,0.0,0.0
479,0.40449153279867,0.0,0.40449153279867,0.0,0.0,0.0,0.0,0.3440197572633981,0.14,0.06,0.0,0.0,0.0
480,0.1537126320944215,0.0,0.1537126320944215,0.0,0.0,0.0,0.0,0.3440197572633981,0.14,0.06,0.0,0.0,0.0
481,0.1379865260946695,0.0,0.1379865260946695,0.0,0.0,0.0,0.0,0.3440197572633981,0.14,0.06,0.0,0.0,0.0
482,0.147087402781673,0.0,0.147087402781673,0.0,0.0,0.0,0.0,0.3440197572633981,0.14,0.06,0.0,0.0,0.0
483,0.09421405124467876,0.0,0.09421405124467876,0.0,0.0,0.0,0.0,0.3440197572633981,0.14,0.06,0.0,0.0,0.0
484,0.08608149739140275,0.0,0.08608149739140275,0.0,0.0,0.0,0.0,0.3440197572633981,0.14,0.06,0.0,0.0,0.0
485,0.089714536027546,0.0,0.089714536027546,0.0,0.0,0.0,0.0,0.3440197572633981,0.14,0.06,0.0,0.0,0.0
486,0.07032353179464025,0.0,0.07032353179464025,0.0,0.0,0.0,0.0,0.3440197572633981,0.14,0.06,0.0,0.0,0.0
487,0.052668092166091,0.0,0.052668092166091,0.0,0.0,0.0,0.0,0.3440197572633981,0.14,0.06,0.0,0.0,0.0
488,0.02450003010104185,0.0,0.02450003010104185,0.0,0.0,0.0,0.0,0.3440197572633981,0.14,0.06,0.0,0.0,0.0
489,0.020929143793492675,0.0,0.020929143793492675,0.0,0.0,0.0,0.0,0.3440197572633981,0.14,0.06,0.0,0.0,0.0
490,0.0451821314455845,0.0,0.0451821314455845,0.0,0.0,0.0,0.0,0.3440197572633981,0.14,0.06,0.0,0.0,0.0
491,0.020824686098376424,0.0,0.020824686098376424,0.0,0.0,0.0,0.0,0.3440197572633981,0.14,0.06,0.0,0.0,0.0
492,0.02700335876450275,0.0,0.02700335876450275,0.0,0.0,0.0,0.0,0.3440197572633981,0.14,0.06,0.0,0.0,0.0
493,0.05089596736844375,0.0,0.05089596736844375,0.0,0.0,0.0,0.0,0.3440197572633981,0.14,0.06,0.0,0.0,0.0
494,0.0723400875988595,0.0,0.0723400875988595,0.0,0.0,0.0,0.0,0.3440197572633981,0.14,0.06,0.0,0.0,0.0
495,0.074807900645981,0.0,0.074807900645981,0.0,0.0,0.0,0.0,0.3440197572633981,0.14,0.06,0.0,0.0,0.0
496,0.0315441347712065,0.0,0.0315441347712065,0.0,0.0,0.0,0.0,0.3440197572633981,0.14,0.06,0.0,0.0,0.0
497,0.021031512334706626,0.0,0.021031512334706626,0.0,0.0,0.0,0.0,0.3440197572633981,0.14,0.06,0.0,0.0,0.0
498,0.034744196261093,0.0,0.034744196261093,0.0,0.0,0.0,0.0,0.3440197572633981,0.14,0.06,0.0,0.0,0.0
499,0.030117764944394,0.0,0.030117764944394,0.0,0.0,0.0,0.0,0.3440197572633981,0.14,0.06,0.0,0.0,0.0
500,0.021213791012684474,0.0,0.021213791012684474,0.0,0.0,0.0,0.0,0.3440197572633981,0.14,0.06,0.0,0.0,0.0
501,0.035869205637495,0.0,0.035869205637495,0.0,0.0,0.0,0.0,0.3440197572633981,0.14,0.06,0.0,0.0,0.0
502,0.09631208405108875,0.0,0.09631208405108875,0.0,0.0,0.0,0.0,0.3440197572633981,0.14,0.06,0.0,0.0,0.0
503,0.05578354292293325,0.0,0.05578354292293325,0.0,0.0,0.0,0.0,0.3440197572633981,0.14,0.06,0.0,0.0,0.0
504,0.02359908248066415,0.0,0.02359908248066415,0.0,0.0,0.0,0.0,0.3440197572633981,0.14,0.06,0.0,0.0,0.0
505,0.0297328383378905,0.0,0.0297328383378905,0.0,0.0,0.0,0.0,0.3440197572633981,0.14,0.06,0.0,0.0,0.0
506,0.033463022630492,0.0,0.033463022630492,0.0,0.0,0.0,0.0,0.3440197572633981,0.14,0.06,0.0,0.0,0.0
507,0.0235750572107874,0.0,0.0235750572107874,0.0,0.0,0.0,0.0,0.3440197572633981,0.14,0.06,0.0,0.0,0.0
508,0.030278629794873,0.0,0.030278629794873,0.0,0.0,0.0,0.0,0.3440197572633981,0.14,0.06,0.0,0.0,0.0
509,0.020558841264305575,0.0,0.020558841264305575,0.0,0.0,0.0,0.0,0.3440197572633981,0.14,0.06,0.0,0.0,0.0
510,0.04328413512532225,0.0,0.04328413512532225,0.0,0.0,0.0,0.0,0.3440197572633981,0.14,0.06,0.0,0.0,0.0
511,0.0464695725378925,0.0,0.0464695725378925,0.0,0.0,0.0,0.0,0.3440197572633981,0.14,0.06,0.0,0.0,0.0
512,0.23015425109202076,0.0,0.23015425109202076,0.0,0.0,0.0,0.0,0.3440197572633981,0.14,0.06,0.0,0.0,0.0
513,0.3142844787386525,0.0,0.0,0.0,0.0,0.3142844787386525,0.0,0.26131331549006853,0.24,0.06,0.0,0.0,0.0
514,0.2243693839364825,0.0,0.0,0.0,0.0,0.2243693839364825,0.0,0.20226874076994156,0.24,0.06,0.0,0.0,0.0
515,0.19065775199161375,0.012370550112268942,0.1782872018793448,0.0,0.0,0.0,0.0,0.20226874076994156,0.24,0.06,0.012370550112268952,0.0,0.0
516,0.12663980896266624,0.022320775202572245,0.104319033760094,0.0,0.0,0.0,0.0,0.20226874076994156,0.24,0.06,0.02232077520257225,0.0,0.0
517,0.120947386867306,0.03576702532460371,0.08518036154270228,0.0,0.0,0.0,0.0,0.20226874076994156,0.24,0.06,0.03576702532460371,0.0,0.0
518,0.08074736519029126,0.05136467546616017,0.0,0.0,0.0,0.029382689724131085,0.0,0.19453645400043337,0.24,0.06,0.05136467546616017,0.0,0.0
519,0.19756501708117624,0.06212167556378534,0.1354433415173909,0.0,0.0,0.0,0.0,0.19453645400043337,0.24,0.06,0.06212167556378534,0.0,0.0
520,0.36149570091187,0.07825717571022318,0.0,0.0,0.0,0.28323852520164683,0.0,0.12,0.24,0.06,0.07825717571022317,0.0,0.0
521,0.12759455229602876,0.09035880082005146,0.0372357514759773,0.0,0.0,0.0,0.0,0.12,0.24,0.06,0.09035880082005146,0.0,0.0
522,0.13907184154692726,0.093585900849339,0.045485940697588254,0.0,0.0,0.0,0.0,0.12,0.24,0.06,0.093585900849339,0.0,0.0
523,0.224513535555743,0.09277912584201709,0.1317344097137259,0.0,0.0,0.0,0.0,0.12,0.24,0.06,0.09277912584201709,0.0,0.0
524,0.21486059995005,0.14387487630573673,0.07098572364431327,0.0,0.0,0.0,0.0,0.12,0.24,0.06,0.14387487630573673,0.0,0.0
525,0.10307310836748824,0.22616592705256905,0.0,-0.0,0.1230928186850808,0.0,0.0,0.14923454443770667,0.24,0.06,0.10307310836748824,0.1230928186850808,-0.0
526,0.101330754012949,0.2734967274821204,0.0,-0.0,0.1721659734691714,0.0,0.0,0.19012396313663488,0.24,0.06,0.101330754012949,0.1721659734691714,-0.0
527,0.03543727306818925,0.33050882799953346,0.0,-0.0,0.29507155493134407,0.0,0.0,0.2602034574328291,0.24,0.06,0.03543727306818925,0.29507155493134407,-0.0
528,0.0511069719125785,0.4340449539391758,0.0,0.0,0.3829379820265973,0.0,0.0,0.3511512281641459,0.24,0.06,0.0511069719125785,0.3829379820265973,0.0
529,0.2218785901964355,0.45959282917103533,0.0,-0.0,0.23771423897459984,0.0,0.0,0.40760835992061334,0.24,0.06,0.2218785901964355,0.23771423897459984,-0.0
530,0.12781600260967524,0.48379607939069197,0.0,-0.0,0.35598007678101673,0.0,0.0,0.4921536281561048,0.24,0.06,0.12781600260967524,0.35598007678101673,-0.0
531,0.107399223810728,0.45555895413442604,0.0,-0.0,0.34815973032369807,0.0,0.0,0.5748415641079831,0.24,0.06,0.107399223810728,0.34815973032369807,-0.0
532,0.1222191593053465,0.49858695452492663,0.0,-0.0,0.3763677952195801,0.0,0.0,0.6642289154726334,0.24,0.06,0.1222191593053465,0.3763677952195801,-0.0
533,0.07635753055303075,0.5284376297958364,0.0,0.0,0.4520800992428057,0.0,0.0,0.7715979390427997,0.24,0.06,0.07635753055303075,0.4520800992428057,0.0
534,0.054757246068416,0.5405392549056641,0.0,0.0,0.48578200883724815,0.0,0.0,0.8869711661416462,0.24,0.06,0.054757246068416,0.48578200883724815,0.0
535,0.10597755458019575,0.5313958048226837,0.0,0.0,0.4254182502424879,0.0,0.0,0.9880080005742371,0.24,0.06,0.10597755458019575,0.4254182502424879,0.0
536,0.2511941200423375,0.3937062035730813,0.0,-0.0,0.1425120835307438,0.0,0.0,1.0218546204127887,0.24,0.06,0.2511941200423375,0.1425120835307438,-0.0
537,0.3056322478521725,0.3297020529922114,0.0,-0.0,0.02406980514003887,0.0,0.0,1.0275711991335479,0.24,0.06,0.3056322478521725,0.02406980514003887,-0.0
538,0.10920790880166575,0.24606637723317587,0.0,-0.0,0.13685846843151012,0.0,0.0,1.0600750853860315,0.24,0.06,0.10920790880166575,0.13685846843151012,-0.0
539,0.08474130516306125,0.22616592705256905,0.0,-0.0,0.1414246218895078,0.0,0.0,1.0936634330847896,0.24,0.06,0.08474130516306125,0.1414246218895078,-0.0
540,0.10262080654763475,0.22697270205989112,0.0,-0.0,0.12435189551225637,0.0,0.0,1.1231970082689506,0.24,0.06,0.10262080654763475,0.12435189551225637,-0.0
541,0.09713155466927575,0.26435327739913855,0.0,-0.0,0.1672217227298627,0.0,0.0,1.162912167417293,0.24,0.06,0.09713155466927575,0.1672217227298627,-0.0
542,0.14482641597088175,0.21756032697446928,0.0,-0.0,0.07273391100358753,0.0,0.0,1.1801864712806451,0.24,0.06,0.14482641597088175,0.07273391100358753,-0.0
543,0.13168720479068374,0.21083720191345334,0.0,-0.0,0.0791499971227696,0.0,0.0,1.1989845955973029,0.24,0.06,0.13168720479068374,0.0791499971227696,-0.0
544,0.08991196107131574,0.18528932668159354,0.0,-0.0,0.09537736561027779,0.0,0.0,1.2216367199297438,0.24,0.06,0.08991196107131574,0.09537736561027779,-0.0
545,0.10415581237736825,0.15920360144485246,0.0,-0.0,0.05504778906748421,0.0,0.0,1.2347105698332712,0.24,0.06,0.10415581237736825,0.05504778906748421,-0.0
546,0.1034507229353335,0.13473142622275527,0.0,-0.0,0.031280703287421774,0.0,0.0,1.242139736864034,0.24,0.06,0.1034507229353335,0.031280703287421774,-0.0
547,0.1559078105572895,0.12666367614953644,0.0,0.0,0.0,0.02924413440775306,0.0,1.2344439120198885,0.24,0.06,0.12666367614953644,0.0,0.0
548,0.073560675766293,0.07637470069313872,0.0,-0.0,0.0028140249268457235,0.0,0.0,1.2351122429400143,0.24,0.06,0.073560675766293,0.0028140249268457235,-0.0
549,0.11627342729932925,0.05432285049300714,0.061950576806322113,0.0,0.0,0.0,0.0,1.2351122429400143,0.24,0.06,0.05432285049300714,0.0,0.0
550,0.26799927403264,0.04679295042466949,0.22120632360797052,0.0,0.0,0.0,0.0,1.2351122429400143,0.24,0.06,0.046792950424669494,0.0,0.0
551,0.23913238998726274,0.02474110022453787,0.0,0.0,0.0,0.21439128976272487,0.0,1.1786934824761393,0.24,0.06,0.024741100224537876,0.0,0.0
552,0.4839175081457425,0.009950225090303284,0.4739672830554392,0.0,0.0,0.0,0.0,1.1786934824761393,0.24,0.06,0.0099502250903033,0.0,0.0
553,0.4545137115474675,0.0,0.4545137115474675,0.0,0.0,0.0,0.0,1.1786934824761393,0.24,0.06,0.0,0.0,0.0
554,0.5623417341966475,0.0,0.5623417341966475,0.0,0.0,0.0,0.0,1.1786934824761393,0.24,0.06,0.0,0.0,0.0
555,0.3238329566492275,0.0,0.3238329566492275,0.0,0.0,0.0,0.0,1.1786934824761393,0.24,0.06,0.0,0.0,0.0
556,0.2944354275126625,0.0,0.2944354275126625,0.0,0.0,0.0,0.0,1.1786934824761393,0.24,0.06,0.0,0.0,0.0
557,0.27569049412405,0.0,0.27569049412405,0.0,0.0,0.0,0.0,1.1786934824761393,0.24,0.06,0.0,0.0,0.0
558,0.317410375265005,0.0,0.24511418340428948,0.0,0.0,0.07229619186071551,0.0,1.1596681688285826,0.24,0.06,0.0,0.0,0.0
559,0.5226498992063725,0.0,0.0,0.0,0.0,0.5226498992063725,0.0,1.022128721669011,0.24,0.06,0.0,0.0,0.0
560,0.4181316186269525,0.0,0.0,0.0,0.0,0.4181316186269525,0.0,0.912094085188234,0.24,0.06,0.0,0.0,0.0
561,0.2382272640590805,0.0,0.0,0.0,0.0,0.2382272640590805,0.0,0.8494026999095285,0.24,0.06,0.0,0.0,0.0
562,0.238164067153535,0.0,0.0,0.0,0.0,0.238164067153535,0.0,0.7867279453954404,0.24,0.06,0.0,0.0,0.0
563,0.19197966412331,0.0,0.0,0.0,0.0,0.19197966412331,0.0,0.7362069811524641,0.24,0.06,0.0,0.0,0.0
564,0.207492676425025,0.0,0.0,0.0,0.0,0.207492676425025,0.0,0.6816036452511417,0.24,0.06,0.0,0.0,0.0
565,0.3283371724626425,0.0,0.0,0.0,0.0,0.3283371724626425,0.0,0.5951991261820253,0.24,0.06,0.0,0.0,0.0
566,0.40560035123233,0.0,0.0,0.0,0.0,0.40560035123233,0.0,0.4884621916472016,0.24,0.06,0.0,0.0,0.0
567,0.450783527254865,0.0,0.0,0.0,0.0,0.450783527254865,0.0,0.3698349476327635,0.24,0.06,0.0,0.0,0.0
568,0.3341058486754375,0.0,0.0,0.0,0.0,0.3341058486754375,0.0,0.2819123558760694,0.24,0.06,0.0,0.0,0.0
569,0.2569951781406175,0.0,0.2569951781406175,0.0,0.0,0.0,0.0,0.2819123558760694,0.14,0.06,0.0,0.0,0.0
570,0.19370373838120375,0.0,0.19370373838120375,0.0,0.0,0.0,0.0,0.2819123558760694,0.14,0.06,0.0,0.0,0.0
571,0.4664150990405375,0.0,0.4664150990405375,0.0,0.0,0.0,0.0,0.2819123558760694,0.14,0.06,0.0,0.0,0.0
572,0.2613698664120875,0.0,0.2613698664120875,0.0,0.0,0.0,0.0,0.2819123558760694,0.14,0.06,0.0,0.0,0.0
573,0.22001036431928125,0.0,0.22001036431928125,0.0,0.0,0.0,0.0,0.2819123558760694,0.14,0.06,0.0,0.0,0.0
574,0.16742479373233224,0.0,0.16742479373233224,0.0,0.0,0.0,0.0,0.28191235587606955,0.14,0.06,0.0,0.0,0.0
575,0.075012637728409,0.0,0.075012637728409,0.0,0.0,0.0,0.0,0.28191235587606955,0.14,0.06,0.0,0.0,0.0
576,0.1108149904410295,0.0,0.1108149904410295,0.0,0.0,0.0,0.0,0.28191235587606955,0.14,0.06,0.0,0.0,0.0
577,0.11468201431423325,0.0,0.11468201431423325,0.0,0.0,0.0,0.0,0.28191235587606955,0.14,0.06,0.0,0.0,0.0
578,0.0538672665060255,0.0,0.0538672665060255,0.0,0.0,0.0,0.0,0.28191235587606955,0.14,0.06,0.0,0.0,0.0
579,0.050599829802789,0.0,0.050599829802789,0.0,0.0,0.0,0.0,0.28191235587606955,0.14,0.06,0.0,0.0,0.0
580,0.03073354305710425,0.0,0.03073354305710425,0.0,0.0,0.0,0.0,0.28191235587606955,0.14,0.06,0.0,0.0,0.0
581,0.031593229887911,0.0,0.031593229887911,0.0,0.0,0.0,0.0,0.28191235587606955,0.14,0.06,0.0,0.0,0.0
582,0.043876932545107,0.0,0.043876932545107,0.0,0.0,0.0,0.0,0.28191235587606955,0.14,0.06,0.0,0.0,0.0
583,0.02978193345459525,0.0,0.02978193345459525,0.0,0.0,0.0,0.0,0.28191235587606955,0.14,0.06,0.0,0.0,0.0
584,0.03817249781480825,0.0,0.03817249781480825,0.0,0.0,0.0,0.0,0.28191235587606955,0.14,0.06,0.0,0.0,0.0
585,0.08345543093618026,0.0,0.08345543093618026,0.0,0.0,0.0,0.0,0.28191235587606955,0.14,0.06,0.0,0.0,0.0
586,0.0714621206714075,0.0,0.0714621206714075,0.0,0.0,0.0,0.0,0.28191235587606955,0.14,0.06,0.0,0.0,0.0
587,0.0384618456302805,0.0,0.0384618456302805,0.0,0.0,0.0,0.0,0.28191235587606955,0.14,0.06,0.0,0.0,0.0
588,0.035082116904794,0.0,0.035082116904794,0.0,0.0,0.0,0.0,0.28191235587606955,0.14,0.06,0.0,0.0,0.0
589,0.04092600265807275,0.0,0.04092600265807275,0.0,0.0,0.0,0.0,0.28191235587606955,0.14,0.06,0.0,0.0,0.0
590,0.05859606636393825,0.0,0.05859606636393825,0.0,0.0,0.0,0.0,0.28191235587606955,0.14,0.06,0.0,0.0,0.0
591,0.0637646331182905,0.0,0.0637646331182905,0.0,0.0,0.0,0.0,0.28191235587606955,0.14,0.06,0.0,0.0,0.0
592,0.04926381588225225,0.0,0.04926381588225225,0.0,0.0,0.0,0.0,0.28191235587606955,0.14,0.06,0.0,0.0,0.0
593,0.0363199405919215,0.0,0.0363199405919215,0.0,0.0,0.0,0.0,0.28191235587606955,0.14,0.06,0.0,0.0,0.0
594,0.053896514660658,0.0,0.053896514660658,0.0,0.0,0.0,0.0,0.28191235587606955,0.14,0.06,0.0,0.0,0.0
595,0.09564042107149125,0.0,0.09564042107149125,0.0,0.0,0.0,0.0,0.28191235587606955,0.14,0.06,0.0,0.0,0.0
596,0.052800231150413,0.0,0.052800231150413,0.0,0.0,0.0,0.0,0.28191235587606955,0.14,0.06,0.0,0.0,0.0
597,0.03307182856228175,0.0,0.03307182856228175,0.0,0.0,0.0,0.0,0.28191235587606955,0.14,0.06,0.0,0.0,0.0
598,0.04052436282035075,0.0,0.04052436282035075,0.0,0.0,0.0,0.0,0.28191235587606955,0.14,0.06,0.0,0.0,0.0
599,0.0240691421086873,0.0,0.0240691421086873,0.0,0.0,0.0,0.0,0.28191235587606955,0.14,0.06,0.0,0.0,0.0
600,0.034744196261093,0.0,0.034744196261093,0.0,0.0,0.0,0.0,0.28191235587606955,0.14,0.06,0.0,0.0,0.0
601,0.03907083399280825,0.0,0.03907083399280825,0.0,0.0,0.0,0.0,0.28191235587606955,0.14,0.06,0.0,0.0,0.0
602,0.02413181672575705,0.0,0.02413181672575705,0.0,0.0,0.0,0.0,0.28191235587606955,0.14,0.06,0.0,0.0,0.0
603,0.03068183649802175,0.0,0.03068183649802175,0.0,0.0,0.0,0.0,0.28191235587606955,0.14,0.06,0.0,0.0,0.0
604,0.049976217362945,0.0,0.049976217362945,0.0,0.0,0.0,0.0,0.28191235587606955,0.14,0.06,0.0,0.0,0.0
605,0.071771837737427,0.0,0.071771837737427,0.0,0.0,0.0,0.0,0.28191235587606955,0.14,0.06,0.0,0.0,0.0
606,0.08036505002616574,0.0,0.08036505002616574,0.0,0.0,0.0,0.0,0.28191235587606955,0.14,0.06,0.0,0.0,0.0
607,0.0693129035943905,0.0,0.0693129035943905,0.0,0.0,0.0,0.0,0.28191235587606955,0.14,0.06,0.0,0.0,0.0
608,0.17493739116509324,0.0,0.17493739116509324,0.0,0.0,0.0,0.0,0.28191235587606955,0.14,0.06,0.0,0.0,0.0
609,0.08617498702853175,0.0,0.0,0.0,0.0,0.08617498702853175,0.0,0.25923472771066647,0.24,0.06,0.0,0.0,0.0
610,0.0892000818790985,0.0,0.0,0.0,0.0,0.0892000818790985,0.0,0.23576102195300896,0.24,0.06,0.0,0.0,0.0
611,0.09347866907106026,0.0,0.0,0.0,0.0,0.09347866907106026,0.0,0.2111613721974668,0.24,0.06,0.0,0.0,0.0
612,0.08946174840536475,0.0,0.0,0.0,0.0,0.08946174840536475,0.0,0.187618806827634,0.24,0.06,0.0,0.0,0.0
613,0.22411973004515476,0.01586657514399712,0.0,0.0,0.0,0.20825315490115764,0.0,0.13281534501153983,0.24,0.06,0.015866575143997114,0.0,0.0
614,0.132039749511701,0.025816800234300417,0.10622294927740059,0.0,0.0,0.0,0.0,0.13281534501153983,0.24,0.06,0.025816800234300413,0.0,0.0
615,0.06510273619272974,0.01640442514887838,0.0,0.0,0.0,0.04869831104385136,0.0,0.12,0.24,0.06,0.016404425148878382,0.0,0.0
616,0.144319796149568,0.013715175124472095,0.1306046210250959,0.0,0.0,0.0,0.0,0.12,0.24,0.06,0.013715175124472095,0.0,0.0
617,0.19393041157960625,0.01909367517328466,0.17483673640632158,0.0,0.0,0.0,0.0,0.12,0.24,0.06,0.01909367517328467,0.0,0.0
618,0.09394716183365676,0.04249015038561946,0.0514570114480373,0.0,0.0,0.0,0.0,0.12,0.24,0.06,0.04249015038561946,0.0,0.0
619,0.083384399703501,0.08121535073707004,0.0021690489664309698,0.0,0.0,0.0,0.0,0.12,0.24,0.06,0.08121535073707004,0.0,0.0
620,0.1325792735069765,0.10757000097625172,0.025009272530724797,0.0,0.0,0.0,0.0,0.12,0.24,0.06,0.10757000097625172,0.0,0.0
621,0.13976230691164576,0.1742634015815279,0.0,-0.0,0.03450109466988205,0.0,0.0,0.12819400998409697,0.24,0.06,0.13976230691164576,0.03450109466988205,-0.0
622,0.12137931943661175,0.19523955177189695,0.0,-0.0,0.0738602323352852,0.0,0.0,0.1457358151637272,0.24,0.06,0.12137931943661175,0.0738602323352852,-0.0
623,0.0565204919619785,0.25305842729663197,0.0,-0.0,0.19653793533465347,0.0,0.0,0.1924135748057074,0.24,0.06,0.0565204919619785,0.19653793533465347,-0.0
624,0.053047273599363,0.26435327739913855,0.0,-0.0,0.21130600379977554,0.0,0.0,0.2425987507081541,0.24,0.06,0.053047273599363,0.21130600379977554,-0.0
625,0.058070121869028,0.3375008780629896,0.0,-0.0,0.2794307561939616,0.0,0.0,0.30896355530422,0.24,0.06,0.058070121869028,0.2794307561939616,-0.0
626,0.052600716952741,0.351216053187462,0.0,-0.0,0.29861533623472103,0.0,0.0,0.37988469765996624,0.24,0.06,0.052600716952741,0.29861533623472103,-0.0
627,0.091564481808055,0.27537920249920467,0.0,-0.0,0.18381472069114968,0.0,0.0,0.4235406938241143,0.24,0.06,0.091564481808055,0.18381472069114968,-0.0
628,0.11879555834791125,0.26300865238693555,0.0,-0.0,0.14421309403902427,0.0,0.0,0.45779130365838255,0.24,0.06,0.11879555834791125,0.14421309403902427,-0.0
629,0.2590660519462975,0.28640512759927006,0.0,-0.0,0.027339075652972555,0.0,0.0,0.46428433412596354,0.24,0.06,0.2590660519462975,0.027339075652972555,-0.0
630,0.2593042154911625,0.22159420201107877,0.0,0.0,0.0,0.03771001348008374,0.0,0.45436064636804674,0.24,0.06,0.22159420201107877,0.0,0.0
631,0.0661159758353575,0.12505012613489266,0.0,-0.0,0.05893415029953508,0.0,0.0,0.46835750706418633,0.24,0.06,0.0661159758353575,0.05893415029953508,-0.0
632,0.11890837265863675,0.09277912584201709,0.0,0.0,0.0,0.02612924681661967,0.0,0.46148138948086537,0.24,0.06,0.09277912584201709,0.0,0.0
633,0.06594675436926925,0.08982095081517016,0.0,-0.0,0.02387419644590083,0.0,0.0,0.46715151113676684,0.24,0.06,0.06594675436926925,0.02387419644590083,-0.0
634,0.08287516843980924,0.09735085088350781,0.0,-0.0,0.014475682443698457,0.0,0.0,0.4705894857171452,0.24,0.06,0.08287516843980924,0.014475682443698457,-0.0
635,0.05945000802151375,0.10353612593964229,0.0,-0.0,0.04408611791812844,0.0,0.0,0.4810599387227007,0.24,0.06,0.05945000802151375,0.04408611791812844,-0.0
636,0.02783170828677475,0.0793328757199856,0.0,-0.0,0.05150116743321084,0.0,0.0,0.49329146598808826,0.24,0.06,0.02783170828677475,0.05150116743321084,-0.0
637,0.1194750556546425,0.0750300756809356,0.0,0.0,0.0,0.0444449799737069,0.0,0.48159541862658645,0.24,0.06,0.0750300756809356,0.0,0.0
638,0.03567178059372525,0.12612582614465506,0.0,-0.0,0.09045404555092973,0.0,0.0,0.5030782544449323,0.24,0.06,0.03567178059372525,0.09045404555092973,-0.0
639,0.02538269762477425,0.13338680121055208,0.0,-0.0,0.10800410358577783,0.0,0.0,0.5287292290465545,0.24,0.06,0.02538269762477425,0.10800410358577783,-0.0
640,0.051437058229146,0.11160387601286115,0.0,-0.0,0.06016681778371513,0.0,0.0,0.5430188482701869,0.24,0.06,0.051437058229146,0.06016681778371513,-0.0
641,0.03614079564479725,0.10488075095184538,0.0,-0.0,0.06873995530704802,0.0,0.0,0.5593445876556108,0.24,0.06,0.03614079564479725,0.06873995530704802,-0.0
642,0.02736164865875175,0.11563775104947058,0.0,-0.0,0.08827610239071881,0.0,0.0,0.5803101619734065,0.24,0.06,0.02736164865875175,0.08827610239071881,-0.0
643,0.08128062172385975,0.056205325510091504,0.0,0.0,0.0,0.025075296213768243,0.0,0.5737113998118885,0.24,0.06,0.056205325510091504,0.0,0.0
644,0.07553335933856326,0.041414450375856865,0.0,0.0,0.0,0.03411890896270639,0.0,0.5647327395585446,0.24,0.06,0.041414450375856865,0.0,0.0
645,0.0404298286062705,0.022320775202572245,0.0,0.0,0.0,0.018109053403698255,0.0,0.5599671991891504,0.24,0.06,0.022320775202572245,0.0,0.0
646,0.035499947685259,0.029312825266028606,0.0,0.0,0.0,0.006187122419230393,0.0,0.5583390090788266,0.24,0.06,0.029312825266028606,0.0,0.0
647,0.0239542386440594,0.03092637528067234,0.0,-0.0,0.006972136636612891,0.0,0.0,0.5599948915300221,0.24,0.06,0.0239542386440594,0.006972136636612891,-0.0
648,0.0382445736244385,0.005109575046371954,0.033134998578066545,0.0,0.0,0.0,0.0,0.5599948915300221,0.24,0.06,0.005109575046371953,0.0,0.0
649,0.08090144029058775,0.0,0.08090144029058775,0.0,0.0,0.0,0.0,0.5599948915300221,0.24,0.06,0.0,0.0,0.0
650,0.17734827476837625,0.0,0.17734827476837625,0.0,0.0,0.0,0.0,0.5599948915300221,0.24,0.06,0.0,0.0,0.0
651,0.19760366642836924,0.0,0.19760366642836924,0.0,0.0,0.0,0.0,0.5599948915300221,0.24,0.06,0.0,0.0,0.0
652,0.2659534700737875,0.0,0.2659534700737875,0.0,0.0,0.0,0.0,0.5599948915300221,0.24,0.06,0.0,0.0,0.0
653,0.22633423318161924,0.0,0.22633423318161924,0.0,0.0,0.0,0.0,0.5599948915300221,0.24,0.06,0.0,0.0,0.0
654,0.1229973691339625,0.0,0.1229973691339625,0.0,0.0,0.0,0.0,0.5599948915300221,0.24,0.06,0.0,0.0,0.0
655,0.07064473920712275,0.0,0.007083357338064145,0.0,0.0,0.0635613818690586,0.0,0.5432682120907962,0.24,0.06,0.0,0.0,0.0
656,0.0606538829577285,0.0,0.0,0.0,0.0,0.0606538829577285,0.0,0.5273066639440256,0.24,0.06,0.0,0.0,0.0
657,0.07394455779584524,0.0,0.0,0.0,0.0,0.07394455779584524,0.0,0.5078475697872242,0.24,0.06,0.0,0.0,0.0
658,0.0727318039555455,0.0,0.0,0.0,0.0,0.0727318039555455,0.0,0.4887076213778701,0.24,0.06,0.0,0.0,0.0
659,0.0616269063877365,0.0,0.0,0.0,0.0,0.0616269063877365,0.0,0.47249001443372896,0.24,0.06,0.0,0.0,0.0
660,0.07185018100876425,0.0,0.0,0.0,0.0,0.07185018100876425,0.0,0.4535820720630015,0.24,0.06,0.0,0.0,0.0
661,0.152160390744994,0.0,0.0,0.0,0.0,0.152160390744994,0.0,0.4135398639722136,0.24,0.06,0.0,0.0,0.0
662,0.334014970480685,0.0,0.0,0.0,0.0,0.334014970480685,0.0,0.3256411875299281,0.24,0.06,0.0,0.0,0.0
663,0.3540624913273975,0.0,0.0,0.0,0.0,0.3540624913273975,0.0,0.23246684770692874,0.24,0.06,0.0,0.0,0.0
664,0.32676665101657,0.0,0.0,0.0,0.0,0.32676665101657,0.0,0.1464756237551998,0.24,0.06,0.0,0.0,0.0
665,0.3392550907561925,0.0,0.3392550907561925,0.0,0.0,0.0,0.0,0.1464756237551998,0.14,0.06,0.0,0.0,0.0
666,0.173981080966304,0.0,0.173981080966304,0.0,0.0,0.0,0.0,0.1464756237551998,0.14,0.06,0.0,0.0,0.0
667,0.2765386906083925,0.0,0.2765386906083925,0.0,0.0,0.0,0.0,0.1464756237551998,0.14,0.06,0.0,0.0,0.0
668,0.287204865856715,0.0,0.287204865856715,0.0,0.0,0.0,0.0,0.1464756237551998,0.14,0.06,0.0,0.0,0.0
669,0.129314448246118,0.0,0.129314448246118,0.0,0.0,0.0,0.0,0.1464756237551998,0.14,0.06,0.0,0.0,0.0
670,0.10297700728798125,0.0,0.10297700728798125,0.0,0.0,0.0,0.0,0.1464756237551998,0.14,0.06,0.0,0.0,0.0
671,0.0599816976896555,0.0,0.0599816976896555,0.0,0.0,0.0,0.0,0.1464756237551998,0.14,0.06,0.0,0.0,0.0
672,0.04899065900952325,0.0,0.04899065900952325,0.0,0.0,0.0,0.0,0.1464756237551998,0.14,0.06,0.0,0.0,0.0
673,0.049194351515,0.0,0.049194351515,0.0,0.0,0.0,0.0,0.1464756237551998,0.14,0.06,0.0,0.0,0.0
674,0.05486797122523925,0.0,0.05486797122523925,0.0,0.0,0.0,0.0,0.1464756237551998,0.14,0.06,0.0,0.0,0.0
675,0.02578433746249625,0.0,0.02578433746249625,0.0,0.0,0.0,0.0,0.14647562375519976,0.14,0.06,0.0,0.0,0.0
676,0.0296033107959465,0.0,0.0296033107959465,0.0,0.0,0.0,0.0,0.14647562375519976,0.14,0.06,0.0,0.0,0.0
677,0.02904341755012325,0.0,0.02904341755012325,0.0,0.0,0.0,0.0,0.14647562375519976,0.14,0.06,0.0,0.0,0.0
678,0.02741701123716325,0.0,0.02741701123716325,0.0,0.0,0.0,0.0,0.14647562375519976,0.14,0.06,0.0,0.0,0.0
679,0.07934658749878225,0.0,0.07934658749878225,0.0,0.0,0.0,0.0,0.14647562375519976,0.14,0.06,0.0,0.0,0.0
680,0.064072261030408,0.0,0.064072261030408,0.0,0.0,0.0,0.0,0.14647562375519976,0.14,0.06,0.0,0.0,0.0
681,0.02653904430971125,0.0,0.02653904430971125,0.0,0.0,0.0,0.0,0.14647562375519976,0.14,0.06,0.0,0.0,0.0
682,0.026534343713431,0.0,0.026534343713431,0.0,0.0,0.0,0.0,0.14647562375519976,0.14,0.06,0.0,0.0,0.0
683,0.02256442901053765,0.0,0.02256442901053765,0.0,0.0,0.0,0.0,0.14647562375519976,0.14,0.06,0.0,0.0,0.0
684,0.032531259990055,0.0,0.032531259990055,0.0,0.0,0.0,0.0,0.14647562375519976,0.14,0.06,0.0,0.0,0.0
685,0.029802302705143,0.0,0.029802302705143,0.0,0.0,0.0,0.0,0.14647562375519976,0.14,0.06,0.0,0.0,0.0
686,0.02064606343972765,0.0,0.02064606343972765,0.0,0.0,0.0,0.0,0.14647562375519976,0.14,0.06,0.0,0.0,0.0
687,0.031804234432046,0.0,0.031804234432046,0.0,0.0,0.0,0.0,0.14647562375519976,0.14,0.06,0.0,0.0,0.0
688,0.0375823118374015,0.0,0.0375823118374015,0.0,0.0,0.0,0.0,0.14647562375519976,0.14,0.06,0.0,0.0,0.0
689,0.0764525870555865,0.0,0.0764525870555865,0.0,0.0,0.0,0.0,0.14647562375519976,0.14,0.06,0.0,0.0,0.0
690,0.07652518515369225,0.0,0.07652518515369225,0.0,0.0,0.0,0.0,0.14647562375519976,0.14,0.06,0.0,0.0,0.0
691,0.046119639259253,0.0,0.046119639259253,0.0,0.0,0.0,0.0,0.14647562375519976,0.14,0.06,0.0,0.0,0.0
692,0.0252662272947195,0.0,0.0252662272947195,0.0,0.0,0.0,0.0,0.14647562375519976,0.14,0.06,0.0,0.0,0.0
693,0.0203958872599242,0.0,0.0203958872599242,0.0,0.0,0.0,0.0,0.14647562375519976,0.14,0.06,0.0,0.0,0.0
694,0.03425533424794875,0.0,0.03425533424794875,0.0,0.0,0.0,0.0,0.14647562375519976,0.14,0.06,0.0,0.0,0.0
695,0.0304776217040695,0.0,0.0304776217040695,0.0,0.0,0.0,0.0,0.14647562375519976,0.14,0.06,0.0,0.0,0.0
696,0.02058756713046255,0.0,0.02058756713046255,0.0,0.0,0.0,0.0,0.14647562375519976,0.14,0.06,0.0,0.0,0.0
697,0.020018794980554526,0.0,0.020018794980554526,0.0,0.0,0.0,0.0,0.14647562375519976,0.14,0.06,0.0,0.0,0.0
698,0.04343821022561875,0.0,0.04343821022561875,0.0,0.0,0.0,0.0,0.14647562375519976,0.14,0.06,0.0,0.0,0.0
699,0.02225210050214005,0.0,0.02225210050214005,0.0,0.0,0.0,0.0,0.14647562375519976,0.14,0.06,0.0,0.0,0.0
700,0.03196979987880525,0.0,0.03196979987880525,0.0,0.0,0.0,0.0,0.14647562375519976,0.14,0.06,0.0,0.0,0.0
701,0.078223144987807,0.0,0.078223144987807,0.0,0.0,0.0,0.0,0.14647562375519976,0.14,0.06,0.0,0.0,0.0
702,0.0903726195067785,0.0,0.0903726195067785,0.0,0.0,0.0,0.0,0.14647562375519976,0.14,0.06,0.0,0.0,0.0
703,0.0250144842494895,0.0,0.0250144842494895,0.0,0.0,0.0,0.0,0.14647562375519976,0.14,0.06,0.0,0.0,0.0
704,0.020268448871882377,0.0,0.020268448871882377,0.0,0.0,0.0,0.0,0.14647562375519976,0.14,0.06,0.0,0.0,0.0
705,0.03023110154359525,0.0,0.0,0.0,0.0,0.03023110154359525,0.0,0.13852007071741151,0.24,0.06,0.0,0.0,0.0
706,0.0288010756974535,0.0,0.0,0.0,0.0,0.0288010756974535,0.0,0.13094084027071323,0.24,0.06,0.0,0.0,0.0
707,0.04139188397829125,0.014253025129353352,0.0,0.0,0.0,0.0271388588489379,0.0,0.12379903531046642,0.24,0.06,0.01425302512935335,0.0,0.0
708,0.039446359406751,0.025010025226978577,0.0,0.0,0.0,0.014436334179772425,0.0,0.12,0.24,0.06,0.025010025226978577,0.0,0.0
709,0.0342396655936815,0.034691325314841155,0.0,-0.0,0.0004516597211596529,0.0,0.0,0.12010726918377541,0.24,0.06,0.0342396655936815,0.0004516597211596529,-0.0
710,0.04507349544266375,0.043834775397822594,0.0008310971464945665,0.0,0.0,0.00040762289834659076,0.0,0.12,0.24,0.06,0.043834775397822594,0.0,0.0
711,0.024352222462452326,0.05082682546127891,0.0,-0.0,0.026474602998826535,0.0,0.0,0.1262877182122213,0.24,0.06,0.024352222462452326,0.026474602998826535,-0.0
712,0.0676488925111885,0.056205325510091504,0.011443567001096992,0.0,0.0,0.0,0.0,0.1262877182122213,0.24,0.06,0.056205325510091504,0.0,0.0
713,0.0731109853888175,0.060508125549141596,0.0126028598396759,0.0,0.0,0.0,0.0,0.1262877182122213,0.24,0.06,0.060508125549141596,0.0,0.0
714,0.08362726384464625,0.06481092558819165,0.018816338256454596,0.0,0.0,0.0,0.0,0.1262877182122213,0.24,0.06,0.06481092558819165,0.0,0.0
715,0.195166668401307,0.07825717571022318,0.11690949269108382,0.0,0.0,0.0,0.0,0.1262877182122213,0.24,0.06,0.07825717571022318,0.0,0.0
716,0.216634291613124,0.1427991762959742,0.049941786110708895,0.0,0.0,0.023893329206440918,0.0,0.12,0.24,0.06,0.1427991762959742,0.0,0.0
717,0.13796302311326825,0.2256280770476879,0.0,-0.0,0.08766505393441965,0.0,0.0,0.14082045030942467,0.24,0.06,0.13796302311326825,0.08766505393441965,-0.0
718,0.1624849893302845,0.29501072767737,0.0,-0.0,0.13252573834708548,0.0,0.0,0.17229531316685748,0.24,0.06,0.1624849893302845,0.13252573834708548,-0.0
719,0.1698842501638445,0.3799910284486092,0.0,-0.0,0.2101067782847647,0.0,0.0,0.2221956730094891,0.24,0.06,0.1698842501638445,0.2101067782847647,-0.0
720,0.12715687455349176,0.447491204061207,0.0,-0.0,0.32033432950771523,0.0,0.0,0.29827507626757144,0.24,0.06,0.12715687455349176,0.32033432950771523,-0.0
721,0.1102409954063655,0.4762661793223546,0.0,0.0,0.3660251839159891,0.0,0.0,0.3852060574476188,0.24,0.06,0.1102409954063655,0.3660251839159891,0.0
722,0.06939751432743475,0.5050411545835014,0.0,0.0,0.43564364025606667,0.0,0.0,0.48867142200843466,0.24,0.06,0.06939751432743475,0.43564364025606667,0.0
723,0.03477918958895675,0.4867542544175391,0.0,0.0,0.45197506482858235,0.0,0.0,0.596015499905223,0.24,0.06,0.03477918958895675,0.45197506482858235,0.0
724,0.02241087619871675,0.48782995442730165,0.0,0.0,0.4654190782285849,0.0,0.0,0.7065525309845119,0.24,0.06,0.02241087619871675,0.4654190782285849,0.0
725,0.03873813623386275,0.5408081799081058,0.0,-0.0,0.502070043674243,0.0,0.0,0.8257941663571446,0.24,0.06,0.03873813623386275,0.502070043674243,-0.0
726,0.02556602087970325,0.5781887552473532,0.0,0.0,0.55262273436765,0.0,0.0,0.9570420657694615,0.24,0.06,0.02556602087970325,0.55262273436765,0.0
727,0.09431015232418576,0.610728680542669,0.0,0.0,0.5164185282184833,0.0,0.0,1.0796914662213513,0.24,0.06,0.09431015232418576,0.5164185282184833,0.0
728,0.02887524066098625,0.48245145437848874,0.0,0.0,0.4535762137175025,0.0,0.0,1.1874158169792581,0.24,0.06,0.02887524066098625,0.4535762137175025,0.0
729,0.0267056543334215,0.36493122831193403,0.0,-0.0,0.3382255739785125,0.0,0.0,1.2677443907991548,0.24,0.06,0.0267056543334215,0.3382255739785125,-0.0
730,0.03086777119532875,0.2858672775943891,0.0,-0.0,0.2549995063990604,0.0,0.0,1.3283067735689316,0.24,0.06,0.03086777119532875,0.2549995063990604,-0.0
731,0.0230177754073422,0.255209827316157,0.0,-0.0,0.23219205190881476,0.0,0.0,1.3834523858972751,0.24,0.06,0.0230177754073422,0.23219205190881476,-0.0
732,0.03599089885230525,0.23907432716971944,0.0,-0.0,0.2030834283174141,0.0,0.0,1.431684700122661,0.24,0.06,0.03599089885230525,0.2030834283174141,-0.0
733,0.1708557067284255,0.24499067722341325,0.0,-0.0,0.07413497049498774,0.0,0.0,1.4492917556152205,0.24,0.06,0.1708557067284255,0.07413497049498774,-0.0
734,0.09233381273258626,0.2525205772917512,0.0,-0.0,0.16018676455916495,0.0,0.0,1.4873361121980222,0.24,0.06,0.09233381273258626,0.16018676455916495,-0.0
735,0.06828399529749525,0.20814795188904683,0.0,-0.0,0.1398639565915516,0.0,0.0,1.5205538018885156,0.24,0.06,0.06828399529749525,0.1398639565915516,-0.0
736,0.023786584043397827,0.1643131764912246,0.0,-0.0,0.14052659244782673,0.0,0.0,1.5539288675948746,0.24,0.06,0.023786584043397827,0.14052659244782673,-0.0
737,0.027752842726962,0.13553820123007718,0.0,-0.0,0.10778535850311517,0.0,0.0,1.5795278902393644,0.24,0.06,0.027752842726962,0.10778535850311517,-0.0
738,0.0932577410458895,0.09385482585177966,0.0,-0.0,0.0005970848058901579,0.0,0.0,1.5796696978807632,0.24,0.06,0.0932577410458895,0.0005970848058901579,-0.0
739,0.084926195283417,0.07960180072242624,0.0,0.0,0.0,0.00532439456099075,0.0,1.5782685414173445,0.24,0.06,0.07960180072242624,0.0,0.0
740,0.06684404597031775,0.07126512564676675,0.0,-0.0,0.004421079676449002,0.0,0.0,1.5793185478405012,0.24,0.06,0.06684404597031775,0.004421079676449002,-0.0
741,0.04437049515453125,0.0613149005564635,0.0,-0.0,0.016944405401932247,0.0,0.0,1.58334284412346,0.24,0.06,0.04437049515453125,0.016944405401932247,-0.0
742,0.02916197703408025,0.04679295042466949,0.0,-0.0,0.017630973390589236,0.0,0.0,1.587530200303725,0.24,0.06,0.02916197703408025,0.017630973390589236,-0.0
743,0.1676028941025055,0.025547875231859783,0.0,0.0,0.0,0.14205501887064573,0.0,1.5501473006009236,0.24,0.06,0.02554787523185978,0.0,0.0
744,0.1357474753998525,0.012101625109828316,0.0,0.0,0.0,0.12364585029002417,0.0,1.517608918945654,0.24,0.06,0.012101625109828318,0.0,0.0
745,0.1575655541787845,0.0013446250122031464,0.0,0.0,0.0,0.15622092916658137,0.0,1.4764981481123431,0.24,0.06,0.0013446250122031433,0.0,0.0
746,0.19577304532145676,0.0,0.0,0.0,0.0,0.19577304532145676,0.0,1.4249789256593282,0.24,0.06,0.0,0.0,0.0
747,0.346122139633135,0.0,0.0,0.0,0.0,0.346122139633135,0.0,1.3338941520716612,0.24,0.06,0.0,0.0,0.0
748,0.23593807367060776,0.0,0.0,0.0,0.0,0.23593807367060776,0.0,1.271805185316238,0.24,0.06,0.0,0.0,0.0
749,0.2504305342910375,0.0,0.0,0.0,0.0,0.2504305342910375,0.0,1.205902413134386,0.24,0.06,0.0,0.0,0.0
750,0.2755541768319225,0.0,0.0,0.0,0.0,0.2755541768319225,0.0,1.1333881560733539,0.24,0.06,0.0,0.0,0.0
751,0.3738838612641825,0.0,0.0,0.0,0.0,0.3738838612641825,0.0,1.0349976662669902,0.24,0.06,0.0,0.0,0.0
752,0.2328811192230305,0.0,0.0,0.0,0.0,0.2328811192230305,0.0,0.9737131612082979,0.24,0.06,0.0,0.0,0.0
753,0.3255356170796225,0.0,0.0,0.0,0.0,0.3255356170796225,0.0,0.8880458935557657,0.24,0.06,0.0,0.0,0.0
754,0.19673040009719725,0.0,0.0,0.0,0.0,0.19673040009719725,0.0,0.8362747356354506,0.24,0.06,0.0,0.0,0.0
755,0.1518428393518405,0.0,0.0,0.0,0.0,0.1518428393518405,0.0,0.7963160937007556,0.24,0.06,0.0,0.0,0.0
756,0.13636273122408726,0.0,0.0,0.0,0.0,0.13636273122408726,0.0,0.760431164431259,0.24,0.06,0.0,0.0,0.0
757,0.1404036771596595,0.0,0.0,0.0,0.0,0.1404036771596595,0.0,0.7234828283366118,0.24,0.06,0.0,0.0,0.0
758,0.14339586783626476,0.0,0.0,0.0,0.0,0.14339586783626476,0.0,0.6857470736428579,0.24,0.06,0.0,0.0,0.0
759,0.2900972994344825,0.0,0.0,0.0,0.0,0.2900972994344825,0.0,0.6094056790548362,0.24,0.06,0.0,0.0,0.0
760,0.3122668783574825,0.0,0.0,0.0,0.0,0.3122668783574825,0.0,0.5272301847502355,0.24,0.06,0.0,0.0,0.0
761,0.1505057808543525,0.0,0.1505057808543525,0.0,0.0,0.0,0.0,0.5272301847502355,0.14,0.06,0.0,0.0,0.0
762,0.15538186606237925,0.0,0.15538186606237925,0.0,0.0,0.0,0.0,0.5272301847502355,0.14,0.06,0.0,0.0,0.0
763,0.1925964868129715,0.0,0.1925964868129715,0.0,0.0,0.0,0.0,0.5272301847502355,0.14,0.06,0.0,0.0,0.0
764,0.28207547073803,0.0,0.28207547073803,0.0,0.0,0.0,0.0,0.5272301847502355,0.14,0.06,0.0,0.0,0.0
765,0.1457696689577815,0.0,0.1457696689577815,0.0,0.0,0.0,0.0,0.5272301847502355,0.14,0.06,0.0,0.0,0.0
766,0.15941863369014675,0.0,0.15941863369014675,0.0,0.0,0.0,0.0,0.5272301847502355,0.14,0.06,0.0,0.0,0.0
767,0.14346063160723674,0.0,0.14346063160723674,0.0,0.0,0.0,0.0,0.5272301847502355,0.14,0.06,0.0,0.0,0.0
768,0.17533224125263275,0.0,0.17533224125263275,0.0,0.0,0.0,0.0,0.5272301847502355,0.14,0.06,0.0,0.0,0.0
769,0.13870153901774024,0.0,0.13870153901774024,0.0,0.0,0.0,0.0,0.5272301847502355,0.14,0.06,0.0,0.0,0.0
770,0.08087375900138175,0.0,0.08087375900138175,0.0,0.0,0.0,0.0,0.5272301847502355,0.14,0.06,0.0,0.0,0.0
771,0.061375685630982,0.0,0.061375685630982,0.0,0.0,0.0,0.0,0.5272301847502355,0.14,0.06,0.0,0.0,0.0
772,0.0248776446688871,0.0,0.0248776446688871,0.0,0.0,0.0,0.0,0.5272301847502355,0.14,0.06,0.0,0.0,0.0
773,0.038054460619327,0.0,0.038054460619327,0.0,0.0,0.0,0.0,0.5272301847502355,0.14,0.06,0.0,0.0,0.0
774,0.0255158811860475,0.0,0.0255158811860475,0.0,0.0,0.0,0.0,0.5272301847502355,0.14,0.06,0.0,0.0,0.0
775,0.021188198877381,0.0,0.021188198877381,0.0,0.0,0.0,0.0,0.5272301847502359,0.14,0.06,0.0,0.0,0.0
776,0.029623680046494,0.0,0.029623680046494,0.0,0.0,0.0,0.0,0.5272301847502359,0.14,0.06,0.0,0.0,0.0
777,0.0353072232377695,0.0,0.0353072232377695,0.0,0.0,0.0,0.0,0.5272301847502359,0.14,0.06,0.0,0.0,0.0
778,0.021050314719827525,0.0,0.021050314719827525,0.0,0.0,0.0,0.0,0.5272301847502359,0.14,0.06,0.0,0.0,0.0
779,0.077420909889314,0.0,0.077420909889314,0.0,0.0,0.0,0.0,0.5272301847502359,0.14,0.06,0.0,0.0,0.0
780,0.07814845773579875,0.0,0.07814845773579875,0.0,0.0,0.0,0.0,0.5272301847502359,0.14,0.06,0.0,0.0,0.0
781,0.03665107148544,0.0,0.03665107148544,0.0,0.0,0.0,0.0,0.5272301847502359,0.14,0.06,0.0,0.0,0.0
782,0.023375020724639775,0.0,0.023375020724639775,0.0,0.0,0.0,0.0,0.5272301847502359,0.14,0.06,0.0,0.0,0.0
783,0.029751118434536,0.0,0.029751118434536,0.0,0.0,0.0,0.0,0.5272301847502359,0.14,0.06,0.0,0.0,0.0
784,0.021049270142876376,0.0,0.021049270142876376,0.0,0.0,0.0,0.0,0.5272301847502359,0.14,0.06,0.0,0.0,0.0
785,0.020716050095455525,0.0,0.020716050095455525,0.0,0.0,0.0,0.0,0.5272301847502359,0.14,0.06,0.0,0.0,0.0
786,0.0424254928714665,0.0,0.0424254928714665,0.0,0.0,0.0,0.0,0.5272301847502359,0.14,0.06,0.0,0.0,0.0
787,0.022164878326717975,0.0,0.022164878326717975,0.0,0.0,0.0,0.0,0.5272301847502359,0.14,0.06,0.0,0.0,0.0
788,0.020799616251548525,0.0,0.020799616251548525,0.0,0.0,0.0,0.0,0.5272301847502359,0.14,0.06,0.0,0.0,0.0
789,0.05883109617795,0.0,0.05883109617795,0.0,0.0,0.0,0.0,0.5272301847502359,0.14,0.06,0.0,0.0,0.0
790,0.082218129537528,0.0,0.082218129537528,0.0,0.0,0.0,0.0,0.5272301847502359,0.14,0.06,0.0,0.0,0.0
791,0.098167775004829,0.0,0.098167775004829,0.0,0.0,0.0,0.0,0.5272301847502359,0.14,0.06,0.0,0.0,0.0
792,0.05974927931802175,0.0,0.05974927931802175,0.0,0.0,0.0,0.0,0.5272301847502359,0.14,0.06,0.0,0.0,0.0
793,0.0340824567625315,0.0,0.0340824567625315,0.0,0.0,0.0,0.0,0.5272301847502359,0.14,0.06,0.0,0.0,0.0
794,0.033929426239186,0.0,0.033929426239186,0.0,0.0,0.0,0.0,0.5272301847502359,0.14,0.06,0.0,0.0,0.0
795,0.0230512018697794,0.0,0.0230512018697794,0.0,0.0,0.0,0.0,0.5272301847502359,0.14,0.06,0.0,0.0,0.0
796,0.01990128007354875,0.0,0.01990128007354875,0.0,0.0,0.0,0.0,0.5272301847502359,0.14,0.06,0.0,0.0,0.0
797,0.03712165340193875,0.0,0.03712165340193875,0.0,0.0,0.0,0.0,0.5272301847502359,0.14,0.06,0.0,0.0,0.0
798,0.038786709062092,0.0,0.038786709062092,0.0,0.0,0.0,0.0,0.5272301847502359,0.14,0.06,0.0,0.0,0.0
799,0.03915231099499875,0.0,0.03915231099499875,0.0,0.0,0.0,0.0,0.5272301847502359,0.14,0.06,0.0,0.0,0.0
800,0.2633206138683825,0.0,0.2633206138683825,0.0,0.0,0.0,0.0,0.5272301847502359,0.14,0.06,0.0,0.0,0.0
801,0.317463648689515,0.0,0.0,0.0,0.0,0.317463648689515,0.0,0.44368711930562665,0.24,0.06,0.0,0.0,0.0
802,0.1736609181307725,0.0,0.0,0.0,0.0,0.1736609181307725,0.0,0.3979868776922655,0.24,0.06,0.0,0.0,0.0
803,0.22420904137447925,0.0083366750756595,0.0,0.0,0.0,0.21587236629881976,0.0,0.34117836024520765,0.24,0.06,0.008336675075659494,0.0,0.0
804,0.1811275541776825,0.02043830018548782,0.0,0.0,0.0,0.1606892539921947,0.0,0.29889171445778795,0.24,0.06,0.020438300185487812,0.0,0.0
805,0.15755719756317524,0.04813757543687264,0.0,0.0,0.0,0.1094196221263026,0.0,0.2700970770561294,0.24,0.06,0.04813757543687264,0.0,0.0
806,0.1754058839276895,0.06938265062968238,0.0,0.0,0.0,0.10602323329800711,0.0,0.24219622618823278,0.24,0.06,0.06938265062968238,0.0,0.0
807,0.1642576364164075,0.06696232560771669,0.0,0.0,0.0,0.09729531080869082,0.0,0.216592197028051,0.24,0.06,0.06696232560771669,0.0,0.0
808,0.192230362591589,0.11483097604214869,0.0,0.0,0.0,0.0773993865494403,0.0,0.19622393740977723,0.24,0.06,0.11483097604214869,0.0,0.0
809,0.15933088922624924,0.10864570098601423,0.0,0.0,0.0,0.05068518824023502,0.0,0.18288572997813643,0.24,0.06,0.10864570098601423,0.0,0.0
810,0.1213845423213675,0.11832700107387685,0.0,0.0,0.0,0.00305754124749065,0.0,0.18208111386037573,0.24,0.06,0.11832700107387685,0.0,0.0
811,0.09779433874478825,0.1519426263789555,0.0,-0.0,0.054148287634167236,0.0,0.0,0.19494133217349044,0.24,0.06,0.09779433874478825,0.054148287634167236,-0.0
812,0.084482250079173,0.15920360144485246,0.0,-0.0,0.07472135136567946,0.0,0.0,0.21268765312283933,0.24,0.06,0.084482250079173,0.07472135136567946,-0.0
813,0.04594101660060425,0.14629520132770238,0.0,-0.0,0.10035418472709812,0.0,0.0,0.23652177199552513,0.24,0.06,0.04594101660060425,0.10035418472709812,-0.0
814,0.04085862744472275,0.12155410110316445,0.0,-0.0,0.0806954736584417,0.0,0.0,0.25568694698940503,0.24,0.06,0.04085862744472275,0.0806954736584417,-0.0
815,0.0587057469438105,0.10407397594452356,0.0,-0.0,0.04536822900071306,0.0,0.0,0.2664619013770744,0.24,0.06,0.0587057469438105,0.04536822900071306,-0.0
816,0.124075894836038,0.12827722616418016,0.0,-0.0,0.004201331328142155,0.0,0.0,0.26745971756750814,0.24,0.06,0.124075894836038,0.004201331328142155,-0.0
817,0.10820250348617175,0.15032907636431173,0.0,-0.0,0.04212657287813992,0.0,0.0,0.2774647786260664,0.24,0.06,0.10820250348617175,0.04212657287813992,-0.0
818,0.1184821852625625,0.1368828262422803,0.0,-0.0,0.01840064097971772,0.0,0.0,0.28183493085874933,0.24,0.06,0.1184821852625625,0.01840064097971772,-0.0
819,0.05568744184342625,0.15759005143020863,0.0,-0.0,0.10190260958678232,0.0,0.0,0.3060368006356101,0.24,0.06,0.05568744184342625,0.10190260958678232,-0.0
820,0.0502102026000055,0.15597650141556477,0.0,-0.0,0.10576629881555921,0.0,0.0,0.33115629660430546,0.24,0.06,0.0502102026000055,0.10576629881555921,-0.0
821,0.047408124928512,0.21809817697935016,0.0,-0.0,0.1706900520508381,0.0,0.0,0.3716951839663795,0.24,0.06,0.047408124928512,0.1706900520508381,-0.0
822,0.10454805102252974,0.19470170176701562,0.0,-0.0,0.09015365074448578,0.0,0.0,0.3931066760181949,0.24,0.06,0.10454805102252974,0.09015365074448578,-0.0
823,0.06815760148640475,0.29393502766760776,0.0,-0.0,0.225777426181203,0.0,0.0,0.4467288147362306,0.24,0.06,0.06815760148640475,0.225777426181203,-0.0
824,0.24666117836276674,0.22024957699887537,0.0,0.0,0.0,0.026411601363891368,0.0,0.4397783933246803,0.24,0.06,0.22024957699887537,0.0,0.0
825,0.12542809969931776,0.22213205201595965,0.0,-0.0,0.09670395231664189,0.0,0.0,0.4627455819998827,0.24,0.06,0.12542809969931776,0.09670395231664189,-0.0
826,0.04400437093314875,0.2525205772917512,0.0,-0.0,0.20851620635860246,0.0,0.0,0.5122681810100508,0.24,0.06,0.04400437093314875,0.20851620635860246,-0.0
827,0.3351305786645275,0.2264348520550099,0.0,0.0,0.0,0.1086957266095176,0.0,0.4836640424285988,0.24,0.06,0.2264348520550099,0.0,0.0
828,0.16313784992476124,0.2301998020891786,0.0,-0.0,0.06706195216441735,0.0,0.0,0.4995912560676479,0.24,0.06,0.16313784992476124,0.06706195216441735,-0.0
829,0.041373603881646,0.19604632677921868,0.0,-0.0,0.1546727228975726,0.0,0.0,0.5363260277558214,0.24,0.06,0.041373603881646,0.1546727228975726,-0.0
830,0.06774029299441525,0.08255997574927318,0.0,-0.0,0.014819682754857899,0.0,0.0,0.5398457024101001,0.24,0.06,0.06774029299441525,0.014819682754857899,-0.0
831,0.126077826562941,0.08121535073707004,0.0,0.0,0.0,0.04486247582587097,0.0,0.5280397877190814,0.24,0.06,0.08121535073707004,0.0,0.0
832,0.10565373572533525,0.0855181507761201,0.02013558494921515,0.0,0.0,0.0,0.0,0.5280397877190814,0.24,0.06,0.0855181507761201,0.0,0.0
833,0.3013322468327125,0.07099620064432613,0.16399296453970946,0.0,0.0,0.0663430816486769,0.0,0.5105810820220612,0.24,0.06,0.0709962006443261,0.0,0.0
834,0.1148324333952005,0.05109575046371954,0.0,0.0,0.0,0.06373668293148096,0.0,0.49380827072430306,0.24,0.06,0.05109575046371953,0.0,0.0
835,0.2910896475380875,0.03845627534900995,0.0,0.0,0.0,0.25263337218907755,0.0,0.42732580435875633,0.24,0.06,0.03845627534900997,0.0,0.0
836,0.24515124237986125,0.027430350248944184,0.0,0.0,0.0,0.21772089213091705,0.0,0.3700308327453571,0.24,0.06,0.02743035024894419,0.0,0.0
837,0.2518187770591325,0.020976150190369074,0.23084262686876345,0.0,0.0,0.0,0.0,0.3700308327453571,0.24,0.06,0.02097615019036908,0.0,0.0
838,0.28938855397312,0.01667335015131902,0.272715203821801,0.0,0.0,0.0,0.0,0.3700308327453571,0.24,0.06,0.016673350151319044,0.0,0.0
839,0.09903790760514725,0.01640442514887838,0.0,0.0,0.0,0.08263348245626886,0.0,0.3482851794673916,0.24,0.06,0.016404425148878382,0.0,0.0
840,0.0548627483404835,0.009950225090303284,0.0,0.0,0.0,0.04491252325018021,0.0,0.3364660944015547,0.24,0.06,0.009950225090303286,0.0,0.0
841,0.0958284449227005,0.0013446250122031464,0.0,0.0,0.0,0.09448381991049735,0.0,0.3116019312672133,0.24,0.06,0.0013446250122031433,0.0,0.0
842,0.10412343049188225,0.0,0.10412343049188225,0.0,0.0,0.0,0.0,0.3116019312672133,0.24,0.06,0.0,0.0,0.0
843,0.10104924052461076,0.0,0.10104924052461076,0.0,0.0,0.0,0.0,0.3116019312672133,0.24,0.06,0.0,0.0,0.0
844,0.04599637917901575,0.0,0.04599637917901575,0.0,0.0,0.0,0.0,0.3116019312672133,0.24,0.06,0.0,0.0,0.0
845,0.1112464007218595,0.0,0.1112464007218595,0.0,0.0,0.0,0.0,0.3116019312672133,0.24,0.06,0.0,0.0,0.0
846,0.14504055424587,0.0,0.14504055424587,0.0,0.0,0.0,0.0,0.3116019312672133,0.24,0.06,0.0,0.0,0.0
847,0.159477129999412,0.0,0.159477129999412,0.0,0.0,0.0,0.0,0.3116019312672133,0.24,0.06,0.0,0.0,0.0
848,0.1757777533223035,0.0,0.1757777533223035,0.0,0.0,0.0,0.0,0.3116019312672133,0.24,0.06,0.0,0.0,0.0
849,0.16715268143655426,0.0,0.16715268143655426,0.0,0.0,0.0,0.0,0.3116019312672133,0.24,0.06,0.0,0.0,0.0
850,0.12069146551427125,0.0,0.12069146551427125,0.0,0.0,0.0,0.0,0.3116019312672133,0.24,0.06,0.0,0.0,0.0
851,0.145101661997513,0.0,0.145101661997513,0.0,0.0,0.0,0.0,0.3116019312672133,0.24,0.06,0.0,0.0,0.0
852,0.208676182110692,0.0,0.208676182110692,0.0,0.0,0.0,0.0,0.3116019312672133,0.24,0.06,0.0,0.0,0.0
853,0.20368728259193974,0.0,0.20368728259193974,0.0,0.0,0.0,0.0,0.3116019312672133,0.24,0.06,0.0,0.0,0.0
854,0.256663524958625,0.0,0.256663524958625,0.0,0.0,0.0,0.0,0.3116019312672133,0.24,0.06,0.0,0.0,0.0
855,0.34181900488282,0.0,0.34181900488282,0.0,0.0,0.0,0.0,0.3116019312672133,0.24,0.06,0.0,0.0,0.0
856,0.34817473334217,0.0,0.34817473334217,0.0,0.0,0.0,0.0,0.3116019312672133,0.24,0.06,0.0,0.0,0.0
857,0.19028222657767074,0.0,0.19028222657767074,0.0,0.0,0.0,0.0,0.3116019312672133,0.14,0.06,0.0,0.0,0.0
858,0.336868232422785,0.0,0.336868232422785,0.0,0.0,0.0,0.0,0.3116019312672133,0.14,0.06,0.0,0.0,0.0
859,0.5299420909024375,0.0,0.5299420909024375,0.0,0.0,0.0,0.0,0.3116019312672133,0.14,0.06,0.0,0.0,0.0
860,0.18637341962642076,0.0,0.18637341962642076,0.0,0.0,0.0,0.0,0.3116019312672133,0.14,0.06,0.0,0.0,0.0
861,0.17824765552332725,0.0,0.17824765552332725,0.0,0.0,0.0,0.0,0.3116019312672133,0.14,0.06,0.0,0.0,0.0
862,0.19105834725238474,0.0,0.19105834725238474,0.0,0.0,0.0,0.0,0.3116019312672133,0.14,0.06,0.0,0.0,0.0
863,0.2114134960112135,0.0,0.2114134960112135,0.0,0.0,0.0,0.0,0.3116019312672133,0.14,0.06,0.0,0.0,0.0
864,0.20886733969275476,0.0,0.20886733969275476,0.0,0.0,0.0,0.0,0.3116019312672133,0.14,0.06,0.0,0.0,0.0
865,0.17662751667207424,0.0,0.17662751667207424,0.0,0.0,0.0,0.0,0.3116019312672133,0.14,0.06,0.0,0.0,0.0
866,0.10271690762714175,0.0,0.10271690762714175,0.0,0.0,0.0,0.0,0.3116019312672133,0.14,0.06,0.0,0.0,0.0
867,0.086088809430061,0.0,0.086088809430061,0.0,0.0,0.0,0.0,0.3116019312672133,0.14,0.06,0.0,0.0,0.0
868,0.085906530752083,0.0,0.085906530752083,0.0,0.0,0.0,0.0,0.3116019312672133,0.14,0.06,0.0,0.0,0.0
869,0.08121951397221674,0.0,0.08121951397221674,0.0,0.0,0.0,0.0,0.3116019312672133,0.14,0.06,0.0,0.0,0.0
870,0.04605696464218325,0.0,0.04605696464218325,0.0,0.0,0.0,0.0,0.3116019312672133,0.14,0.06,0.0,0.0,0.0
871,0.03986836849502075,0.0,0.03986836849502075,0.0,0.0,0.0,0.0,0.3116019312672133,0.14,0.06,0.0,0.0,0.0
872,0.03604835058461925,0.0,0.03604835058461925,0.0,0.0,0.0,0.0,0.3116019312672133,0.14,0.06,0.0,0.0,0.0
873,0.02904237297317225,0.0,0.02904237297317225,0.0,0.0,0.0,0.0,0.3116019312672133,0.14,0.06,0.0,0.0,0.0
874,0.035455030876359,0.0,0.035455030876359,0.0,0.0,0.0,0.0,0.3116019312672133,0.14,0.06,0.0,0.0,0.0
875,0.0274243232758215,0.0,0.0274243232758215,0.0,0.0,0.0,0.0,0.3116019312672133,0.14,0.06,0.0,0.0,0.0
876,0.028246927624862,0.0,0.028246927624862,0.0,0.0,0.0,0.0,0.3116019312672133,0.14,0.06,0.0,0.0,0.0
877,0.08669466406173525,0.0,0.08669466406173525,0.0,0.0,0.0,0.0,0.3116019312672133,0.14,0.06,0.0,0.0,0.0
878,0.07978948812607525,0.0,0.07978948812607525,0.0,0.0,0.0,0.0,0.3116019312672133,0.14,0.06,0.0,0.0,0.0
879,0.042741999687669,0.0,0.042741999687669,0.0,0.0,0.0,0.0,0.3116019312672133,0.14,0.06,0.0,0.0,0.0
880,0.03379937640876625,0.0,0.03379937640876625,0.0,0.0,0.0,0.0,0.3116019312672133,0.14,0.06,0.0,0.0,0.0
881,0.03367402717462675,0.0,0.03367402717462675,0.0,0.0,0.0,0.0,0.3116019312672133,0.14,0.06,0.0,0.0,0.0
882,0.03148511617346575,0.0,0.03148511617346575,0.0,0.0,0.0,0.0,0.3116019312672133,0.14,0.06,0.0,0.0,0.0
883,0.03551196032019725,0.0,0.03551196032019725,0.0,0.0,0.0,0.0,0.3116019312672133,0.14,0.06,0.0,0.0,0.0
884,0.0378267428439735,0.0,0.0378267428439735,0.0,0.0,0.0,0.0,0.3116019312672133,0.14,0.06,0.0,0.0,0.0
885,0.0270138045340145,0.0,0.0270138045340145,0.0,0.0,0.0,0.0,0.3116019312672133,0.14,0.06,0.0,0.0,0.0
886,0.02811113262121075,0.0,0.02811113262121075,0.0,0.0,0.0,0.0,0.3116019312672133,0.14,0.06,0.0,0.0,0.0
887,0.08240824254263975,0.0,0.08240824254263975,0.0,0.0,0.0,0.0,0.3116019312672133,0.14,0.06,0.0,0.0,0.0
888,0.089931808033388,0.0,0.089931808033388,0.0,0.0,0.0,0.0,0.3116019312672133,0.14,0.06,0.0,0.0,0.0
889,0.07566706518831225,0.0,0.07566706518831225,0.0,0.0,0.0,0.0,0.3116019312672133,0.14,0.06,0.0,0.0,0.0
890,0.0320068823605715,0.0,0.0320068823605715,0.0,0.0,0.0,0.0,0.3116019312672133,0.14,0.06,0.0,0.0,0.0
891,0.034953633939801,0.0,0.034953633939801,0.0,0.0,0.0,0.0,0.3116019312672133,0.14,0.06,0.0,0.0,0.0
892,0.02684510535640175,0.0,0.02684510535640175,0.0,0.0,0.0,0.0,0.3116019312672133,0.14,0.06,0.0,0.0,0.0
893,0.03154309019425525,0.0,0.03154309019425525,0.0,0.0,0.0,0.0,0.3116019312672133,0.14,0.06,0.0,0.0,0.0
894,0.05707620689999675,0.0,0.05707620689999675,0.0,0.0,0.0,0.0,0.3116019312672133,0.14,0.06,0.0,0.0,0.0
895,0.12058178493439925,0.0,0.12058178493439925,0.0,0.0,0.0,0.0,0.3116019312672133,0.14,0.06,0.0,0.0,0.0
896,0.23266384721718875,0.0,0.23266384721718875,0.0,0.0,0.0,0.0,0.3116019312672133,0.14,0.06,0.0,0.0,0.0
897,0.2902675654775225,0.009412375085422024,0.0,0.0,0.0,0.2808551903921005,0.0,0.23769267063771318,0.24,0.06,0.009412375085422031,0.0,0.0
898,0.1955902443550035,0.021514000195250363,0.0,0.0,0.0,0.17407624415975315,0.0,0.19188313270093604,0.24,0.06,0.02151400019525035,0.0,0.0
899,0.3965135763341675,0.028506050258706703,0.3680075260754608,0.0,0.0,0.0,0.0,0.19188313270093604,0.24,0.06,0.028506050258706728,0.0,0.0
900,0.177711787547381,0.034691325314841155,0.14302046223253986,0.0,0.0,0.0,0.0,0.19188313270093604,0.24,0.06,0.03469132531484115,0.0,0.0
901,0.1233081307769335,0.04006982536365377,0.0,0.0,0.0,0.08323830541327973,0.0,0.16997831548691505,0.24,0.06,0.04006982536365378,0.0,0.0
902,0.12452192919418426,0.04464155040514443,0.07988037878903984,0.0,0.0,0.0,0.0,0.16997831548691505,0.24,0.06,0.04464155040514442,0.0,0.0
903,0.12054052414482826,0.049213275446635146,0.07132724869819311,0.0,0.0,0.0,0.0,0.16997831548691505,0.24,0.06,0.049213275446635146,0.0,0.0
904,0.10195541102974424,0.05217145047348207,0.04978396055626218,0.0,0.0,0.0,0.0,0.16997831548691505,0.24,0.06,0.05217145047348207,0.0,0.0
905,0.1386675902668275,0.05647425051253213,0.0,0.0,0.0,0.08219333975429538,0.0,0.1483484892357847,0.24,0.06,0.05647425051253213,0.0,0.0
906,0.2161010350795555,0.10837677598357359,0.0,0.0,0.0,0.1077242590959819,0.0,0.12,0.24,0.06,0.10837677598357359,0.0,0.0
907,0.16018535317230026,0.2043830018548782,0.0,-0.0,0.04419764868257792,0.0,0.0,0.13049694156211225,0.24,0.06,0.16018535317230026,0.04419764868257792,-0.0
908,0.10615095435408875,0.2535962773015132,0.0,-0.0,0.1474453229474244,0.0,0.0,0.16551520576212556,0.24,0.06,0.10615095435408875,0.1474453229474244,-0.0
909,0.0897777329330915,0.3455686281362089,0.0,-0.0,0.2557908952031174,0.0,0.0,0.22626554337286592,0.24,0.06,0.0897777329330915,0.2557908952031174,-0.0
910,0.10636718178297926,0.39585760359260636,0.0,-0.0,0.28949042180962703,0.0,0.0,0.29501951855265235,0.24,0.06,0.10636718178297926,0.28949042180962703,-0.0
911,0.2188874440967815,0.4327003289269722,0.0,-0.0,0.21381288483019067,0.0,0.0,0.34580007869982266,0.24,0.06,0.2188874440967815,0.21381288483019067,-0.0
912,0.18647160985983,0.46281992920032267,0.0,-0.0,0.27634831934049264,0.0,0.0,0.41143280454318965,0.24,0.06,0.18647160985983,0.27634831934049264,-0.0
913,0.20606212829040774,0.42597720386595683,0.0,-0.0,0.219915075575549,0.0,0.0,0.4636626349923825,0.24,0.06,0.20606212829040774,0.219915075575549,-0.0
914,0.220913923382037,0.4778797293369978,0.0,-0.0,0.25696580595496066,0.0,0.0,0.5246920139066857,0.24,0.06,0.220913923382037,0.25696580595496066,-0.0
915,0.15037520873545726,0.5354296798592926,0.0,-0.0,0.3850544711238353,0.0,0.0,0.6161424507985966,0.24,0.06,0.15037520873545726,0.3850544711238353,-0.0
916,0.17621595335331625,0.5443042049398337,0.0,-0.0,0.36808825158651737,0.0,0.0,0.7035634105503945,0.24,0.06,0.17621595335331625,0.36808825158651737,-0.0
917,0.03966885429734875,0.519294179712855,0.0,0.0,0.47962532541550623,0.0,0.0,0.8174744253365772,0.24,0.06,0.03966885429734875,0.47962532541550623,0.0
918,0.02716004530717725,0.37703285342176207,0.0,-0.0,0.34987280811458477,0.0,0.0,0.9005692172637911,0.24,0.06,0.02716004530717725,0.34987280811458477,-0.0
919,0.074577049139774,0.26516005240646034,0.0,-0.0,0.19058300326668634,0.0,0.0,0.9458326805396291,0.24,0.06,0.074577049139774,0.19058300326668634,-0.0
920,0.087213818806463,0.19604632677921868,0.0,-0.0,0.10883250797275568,0.0,0.0,0.9716804011831586,0.24,0.06,0.087213818806463,0.10883250797275568,-0.0
921,0.1800547736488385,0.1772215766083745,0.0,0.0,0.0,0.0028331970404640028,0.0,0.9709348230146154,0.24,0.06,0.1772215766083745,0.0,0.0
922,0.22554401071806476,0.1834068516645092,0.0,0.0,0.0,0.042137159053555556,0.0,0.9598460969478902,0.24,0.06,0.1834068516645092,0.0,0.0
923,0.04652389053935275,0.2025005268377938,0.0,-0.0,0.15597663629844094,0.0,0.0,0.99689054806877,0.24,0.06,0.04652389053935275,0.15597663629844094,-0.0
924,0.093136047831079,0.2143332269451815,0.0,-0.0,0.12119717911410244,0.0,0.0,1.0256748781083693,0.24,0.06,0.093136047831079,0.12119717911410244,-0.0
925,0.048112692082071,0.16377532648634324,0.0,-0.0,0.11566263440427216,0.0,0.0,1.0531447537793839,0.24,0.06,0.048112692082071,0.11566263440427216,-0.0
926,0.019682963490755774,0.12101625109828315,0.0,-0.0,0.10133328760752738,0.0,0.0,1.0772114095861716,0.24,0.06,0.019682963490755774,0.10133328760752738,-0.0
927,0.02763167180062725,0.08766955079564516,0.0,-0.0,0.06003787899501791,0.0,0.0,1.0914704058474882,0.24,0.06,0.02763167180062725,0.06003787899501791,-0.0
928,0.021373088997736774,0.07476115067849498,0.0,-0.0,0.05338806168075821,0.0,0.0,1.1041500704966682,0.24,0.06,0.021373088997736774,0.05338806168075821,-0.0
929,0.04028985529481475,0.06588662559795415,0.0,-0.0,0.0255967703031394,0.0,0.0,1.1102293034436639,0.24,0.06,0.04028985529481475,0.0255967703031394,-0.0
930,0.08186192879718175,0.058894575534497805,0.0,0.0,0.0,0.022967353262683947,0.0,1.1041852631113787,0.24,0.06,0.058894575534497805,0.0,0.0
931,0.0291766011113965,0.04759972543199135,0.0,-0.0,0.018423124320594786,0.0,0.0,1.1085607551375198,0.24,0.06,0.0291766011113965,0.018423124320594786,-0.0
932,0.029479006138758,0.03361562530507866,0.0,-0.0,0.0041366191663205765,0.0,0.0,1.109543202189521,0.24,0.06,0.029479006138758,0.0041366191663205765,-0.0
933,0.0229201074624085,0.019631525178165944,0.0,0.0,0.0,0.003288582284242555,0.0,1.108677785798931,0.24,0.06,0.019631525178165944,0.0,0.0
934,0.027431113026004,0.008874525080540768,0.0,0.0,0.0,0.018556587945463235,0.0,1.1037944731817038,0.24,0.06,0.008874525080540766,0.0,0.0
935,0.027383584774726,0.0,0.0,0.0,0.0,0.027383584774726,0.0,1.096588266662039,0.24,0.06,0.0,0.0,0.0
936,0.028778095004528,0.0,0.0,0.0,0.0,0.028778095004528,0.0,1.0890150837661106,0.24,0.06,0.0,0.0,0.0
937,0.057086130381033,0.0,0.0,0.0,0.0,0.057086130381033,0.0,1.0739924178763651,0.24,0.06,0.0,0.0,0.0
938,0.0831232554657105,0.0,0.0,0.0,0.0,0.0831232554657105,0.0,1.052117876964336,0.24,0.06,0.0,0.0,0.0
939,0.08257224112397225,0.0,0.0,0.0,0.0,0.08257224112397225,0.0,1.0303883398264486,0.24,0.06,0.0,0.0,0.0
940,0.0286501343280105,0.0,0.0,0.0,0.0,0.0286501343280105,0.0,1.0228488307927615,0.24,0.06,0.0,0.0,0.0
941,0.02632803976557625,0.0,0.0,0.0,0.0,0.02632803976557625,0.0,1.0159203992755046,0.24,0.06,0.0,0.0,0.0
942,0.03431957573044525,0.0,0.0,0.0,0.0,0.03431957573044525,0.0,1.006888931978019,0.24,0.06,0.0,0.0,0.0
943,0.053349156338249,0.0,0.0,0.0,0.0,0.053349156338249,0.0,0.9928496803100587,0.24,0.06,0.0,0.0,0.0
944,0.3245014858979725,0.0,0.0,0.0,0.0,0.3245014858979725,0.0,0.9074545524421713,0.24,0.06,0.0,0.0,0.0
945,0.25542517898302,0.0,0.0,0.0,0.0,0.25542517898302,0.0,0.8402374000782187,0.24,0.06,0.0,0.0,0.0
946,0.1938014063261375,0.0,0.0,0.0,0.0,0.1938014063261375,0.0,0.789237029992393,0.24,0.06,0.0,0.0,0.0
947,0.16892532852267725,0.0,0.0,0.0,0.0,0.16892532852267725,0.0,0.7447829961706358,0.24,0.06,0.0,0.0,0.0
948,0.173428499759139,0.0,0.0,0.0,0.0,0.173428499759139,0.0,0.6991439172866519,0.24,0.06,0.0,0.0,0.0
949,0.1822938243436555,0.0,0.0,0.0,0.0,0.1822938243436555,0.0,0.6511718582488478,0.24,0.06,0.0,0.0,0.0
950,0.1882708936582075,0.0,0.0,0.0,0.0,0.1882708936582075,0.0,0.6016268862335301,0.24,0.06,0.0,0.0,0.0
951,0.2807420682598725,0.0,0.0,0.0,0.0,0.2807420682598725,0.0,0.5277473945861952,0.24,0.06,0.0,0.0,0.0
952,0.5351111799452675,0.0,0.0,0.0,0.0,0.5351111799452675,0.0,0.3869286630216512,0.24,0.06,0.0,0.0,0.0
953,0.17258239242869725,0.0,0.17258239242869725,0.0,0.0,0.0,0.0,0.3869286630216512,0.14,0.06,0.0,0.0,0.0
954,0.107779449820951,0.0,0.107779449820951,0.0,0.0,0.0,0.0,0.3869286630216512,0.14,0.06,0.0,0.0,0.0
955,0.106886336527707,0.0,0.106886336527707,0.0,0.0,0.0,0.0,0.3869286630216512,0.14,0.06,0.0,0.0,0.0
956,0.2942693397774275,0.0,0.2942693397774275,0.0,0.0,0.0,0.0,0.3869286630216512,0.14,0.06,0.0,0.0,0.0
957,0.2399011986233185,0.0,0.2399011986233185,0.0,0.0,0.0,0.0,0.3869286630216512,0.14,0.06,0.0,0.0,0.0
958,0.148876240810539,0.0,0.148876240810539,0.0,0.0,0.0,0.0,0.3869286630216512,0.14,0.06,0.0,0.0,0.0
959,0.1112004393360085,0.0,0.1112004393360085,0.0,0.0,0.0,0.0,0.3869286630216512,0.14,0.06,0.0,0.0,0.0
960,0.08540617839247625,0.0,0.08540617839247625,0.0,0.0,0.0,0.0,0.3869286630216512,0.14,0.06,0.0,0.0,0.0
961,0.07872088590503575,0.0,0.07872088590503575,0.0,0.0,0.0,0.0,0.3869286630216512,0.14,0.06,0.0,0.0,0.0
962,0.02578068144316725,0.0,0.02578068144316725,0.0,0.0,0.0,0.0,0.3869286630216512,0.14,0.06,0.0,0.0,0.0
963,0.023751590715533875,0.0,0.023751590715533875,0.0,0.0,0.0,0.0,0.3869286630216512,0.14,0.06,0.0,0.0,0.0
964,0.040037589961109,0.0,0.040037589961109,0.0,0.0,0.0,0.0,0.3869286630216512,0.14,0.06,0.0,0.0,0.0
965,0.02827826493339675,0.0,0.02827826493339675,0.0,0.0,0.0,0.0,0.3869286630216512,0.14,0.06,0.0,0.0,0.0
966,0.026715055525982,0.0,0.026715055525982,0.0,0.0,0.0,0.0,0.3869286630216512,0.14,0.06,0.0,0.0,0.0
967,0.02857701394142925,0.0,0.02857701394142925,0.0,0.0,0.0,0.0,0.3869286630216512,0.14,0.06,0.0,0.0,0.0
968,0.03198651311002375,0.0,0.03198651311002375,0.0,0.0,0.0,0.0,0.3869286630216512,0.14,0.06,0.0,0.0,0.0
969,0.08814088085061975,0.0,0.08814088085061975,0.0,0.0,0.0,0.0,0.3869286630216512,0.14,0.06,0.0,0.0,0.0
970,0.07331520018276975,0.0,0.07331520018276975,0.0,0.0,0.0,0.0,0.3869286630216512,0.14,0.06,0.0,0.0,0.0
971,0.0391314194559755,0.0,0.0391314194559755,0.0,0.0,0.0,0.0,0.3869286630216512,0.14,0.06,0.0,0.0,0.0
972,0.030680269632595,0.0,0.030680269632595,0.0,0.0,0.0,0.0,0.3869286630216512,0.14,0.06,0.0,0.0,0.0
973,0.020636662247167176,0.0,0.020636662247167176,0.0,0.0,0.0,0.0,0.3869286630216512,0.14,0.06,0.0,0.0,0.0
974,0.021752270431008774,0.0,0.021752270431008774,0.0,0.0,0.0,0.0,0.3869286630216512,0.14,0.06,0.0,0.0,0.0
975,0.03755776427904925,0.0,0.03755776427904925,0.0,0.0,0.0,0.0,0.3869286630216512,0.14,0.06,0.0,0.0,0.0
976,0.02091608658160315,0.0,0.02091608658160315,0.0,0.0,0.0,0.0,0.3869286630216512,0.14,0.06,0.0,0.0,0.0
977,0.024507342139699975,0.0,0.024507342139699975,0.0,0.0,0.0,0.0,0.3869286630216512,0.14,0.06,0.0,0.0,0.0
978,0.02604391483486,0.0,0.02604391483486,0.0,0.0,0.0,0.0,0.3869286630216512,0.14,0.06,0.0,0.0,0.0
979,0.0463734714583855,0.0,0.0463734714583855,0.0,0.0,0.0,0.0,0.3869286630216512,0.14,0.06,0.0,0.0,0.0
980,0.07802206392470824,0.0,0.07802206392470824,0.0,0.0,0.0,0.0,0.3869286630216512,0.14,0.06,0.0,0.0,0.0
981,0.059586847602116,0.0,0.059586847602116,0.0,0.0,0.0,0.0,0.3869286630216512,0.14,0.06,0.0,0.0,0.0
982,0.02585171267584625,0.0,0.02585171267584625,0.0,0.0,0.0,0.0,0.3869286630216512,0.14,0.06,0.0,0.0,0.0
983,0.0344078424828185,0.0,0.0344078424828185,0.0,0.0,0.0,0.0,0.3869286630216512,0.14,0.06,0.0,0.0,0.0
984,0.0362839026871065,0.0,0.0362839026871065,0.0,0.0,0.0,0.0,0.3869286630216512,0.14,0.06,0.0,0.0,0.0
985,0.02658813942641575,0.0,0.02658813942641575,0.0,0.0,0.0,0.0,0.3869286630216512,0.14,0.06,0.0,0.0,0.0
986,0.03582376654011925,0.0,0.03582376654011925,0.0,0.0,0.0,0.0,0.3869286630216512,0.14,0.06,0.0,0.0,0.0
987,0.02517430452301725,0.0,0.02517430452301725,0.0,0.0,0.0,0.0,0.3869286630216512,0.14,0.06,0.0,0.0,0.0
988,0.0907904502872435,0.0,0.0907904502872435,0.0,0.0,0.0,0.0,0.3869286630216512,0.14,0.06,0.0,0.0,0.0
989,0.20866103574490025,0.0,0.20866103574490025,0.0,0.0,0.0,0.0,0.3869286630216512,0.14,0.06,0.0,0.0,0.0
990,0.086668549637956,0.0,0.086668549637956,0.0,0.0,0.0,0.0,0.3869286630216512,0.14,0.06,0.0,0.0,0.0
991,0.080801160903276,0.0,0.080801160903276,0.0,0.0,0.0,0.0,0.3869286630216512,0.14,0.06,0.0,0.0,0.0
992,0.20938074926425124,0.0,0.20938074926425124,0.0,0.0,0.0,0.0,0.3869286630216512,0.14,0.06,0.0,0.0,0.0
993,0.2994138812619025,0.012101625109828316,0.0,0.0,0.0,0.2873122561520742,0.0,0.31132017456057903,0.24,0.06,0.012101625109828318,0.0,0.0
994,0.15875637190310976,0.022051850200131593,0.0,0.0,0.0,0.13670452170297817,0.0,0.27534530042821637,0.24,0.06,0.02205185020013159,0.0,0.0
995,0.15086407074860125,0.029043900263587972,0.0,0.0,0.0,0.12182017048501328,0.0,0.2432873608268971,0.24,0.06,0.02904390026358797,0.0,0.0
996,0.1550173087064235,0.03603595032704432,0.0,0.0,0.0,0.11898135837937918,0.0,0.21197647704284994,0.24,0.06,0.03603595032704432,0.0,0.0
997,0.138272740179288,0.040876600370975666,0.0,0.0,0.0,0.09739613980831234,0.0,0.18634591393539934,0.24,0.06,0.040876600370975666,0.0,0.0
998,0.10764835541358025,0.04544832541246632,0.0,0.0,0.0,0.06220003000111393,0.0,0.16997748498773776,0.24,0.06,0.04544832541246632,0.0,0.0
999,0.21421714054813376,0.049751125451516415,0.0,0.0,0.0,0.16446601509661735,0.0,0.12669695469915426,0.24,0.06,0.049751125451516415,0.0,0.0
1000,0.1418206457939115,0.05378500048812582,0.08051767421566132,0.0,0.0,0.007517971090124354,0.0,0.12471854125438468,0.24,0.06,0.0537850004881258,0.0,0.0
1001,0.07709395730360025,0.05916350053693844,0.0,0.0,0.0,0.017930456766661808,0.0,0.12,0.24,0.06,0.05916350053693844,0.0,0.0
1002,0.079833360358024,0.117520226066555,0.0,-0.0,0.03768686570853097,0.0,0.0,0.1289506306057761,0.24,0.06,0.079833360358024,0.03768686570853097,-0.0
1003,0.082814582976642,0.21056827691101254,0.0,-0.0,0.12775369393437053,0.0,0.0,0.1592921329151891,0.24,0.06,0.082814582976642,0.12775369393437053,-0.0
1004,0.09927398199611,0.25709230233324165,0.0,-0.0,0.15781832033713167,0.0,0.0,0.19677398399525786,0.24,0.06,0.09927398199611,0.15781832033713167,-0.0
1005,0.093270798257779,0.34368615311912465,0.0,-0.0,0.25041535486134564,0.0,0.0,0.25624763077482743,0.24,0.06,0.093270798257779,0.25041535486134564,-0.0
1006,0.0764275172087585,0.39693330360236856,0.0,-0.0,0.32050578639361005,0.0,0.0,0.33236775504330984,0.24,0.06,0.0764275172087585,0.32050578639361005,-0.0
1007,0.03067818047869275,0.42893537889280364,0.0,-0.0,0.3982571984141109,0.0,0.0,0.4269538396666612,0.24,0.06,0.03067818047869275,0.3982571984141109,-0.0
1008,0.028813088332392,0.46658487923449177,0.0,-0.0,0.4377717909020997,0.0,0.0,0.5309246400059099,0.24,0.06,0.028813088332392,0.4377717909020997,-0.0
1009,0.023902532084976873,0.43081785390988825,0.0,-0.0,0.4069153218249113,0.0,0.0,0.6275670289393263,0.24,0.06,0.023902532084976873,0.4069153218249113,-0.0
1010,0.0349980284602255,0.47492155431015104,0.0,-0.0,0.43992352584992556,0.0,0.0,0.7320488663286836,0.24,0.06,0.0349980284602255,0.43992352584992556,-0.0
1011,0.0216984747180239,0.5330093548373271,0.0,0.0,0.5113108801193033,0.0,0.0,0.8534852003570181,0.24,0.06,0.0216984747180239,0.5113108801193033,0.0
1012,0.05263884401145825,0.5480691549740023,0.0,0.0,0.4954303109625441,0.0,0.0,0.9711498992106223,0.24,0.06,0.05263884401145825,0.4954303109625441,0.0
1013,0.254404627301735,0.5217145047348206,0.0,-0.0,0.26730987743308554,0.0,0.0,1.03463599510098,0.24,0.06,0.254404627301735,0.26730987743308554,-0.0
1014,0.3027293685048925,0.3953197535877251,0.0,-0.0,0.09259038508283257,0.0,0.0,1.0566262115581528,0.24,0.06,0.3027293685048925,0.09259038508283257,-0.0
1015,0.094948388841346,0.2740345774870014,0.0,-0.0,0.1790861886456554,0.0,0.0,1.099159181361496,0.24,0.06,0.094948388841346,0.1790861886456554,-0.0
1016,0.20852837447210276,0.20572762686708126,0.0,0.0,0.0,0.0028007476050214974,0.0,1.0984221425180694,0.24,0.06,0.20572762686708126,0.0,0.0
1017,0.17870100192013175,0.18528932668159354,0.0,-0.0,0.006588324761461761,0.0,0.0,1.0999868696489166,0.24,0.06,0.17870100192013175,0.006588324761461761,-0.0
1018,0.06594779894622026,0.18717180169867792,0.0,-0.0,0.1212240027524576,0.0,0.0,1.1287775703026253,0.24,0.06,0.06594779894622026,0.1212240027524576,-0.0
1019,0.07367192321159174,0.21164397692077547,0.0,-0.0,0.13797205370918372,0.0,0.0,1.1615459330585565,0.24,0.06,0.07367192321159174,0.13797205370918372,-0.0
1020,0.106275259011277,0.21702247696958768,0.0,-0.0,0.11074721795831066,0.0,0.0,1.1878483973236553,0.24,0.06,0.106275259011277,0.11074721795831066,-0.0
1021,0.10744675206200575,0.16807812652539358,0.0,-0.0,0.06063137446338773,0.0,0.0,1.20224834875871,0.24,0.06,0.10744675206200575,0.06063137446338773,-0.0
1022,0.179335582417963,0.126932601151977,0.0,0.0,0.0,0.052402981265986,0.0,1.1884580905308189,0.24,0.06,0.126932601151977,0.0,0.0
1023,0.24486763973762074,0.09331697584689834,0.0,0.0,0.0,0.15155066389072241,0.0,1.1485763368753656,0.24,0.06,0.09331697584689833,0.0,0.0
1024,0.062231194153984,0.0822910507468326,0.0,-0.0,0.020059856592848598,0.0,0.0,1.153340552816167,0.24,0.06,0.062231194153984,0.020059856592848598,-0.0
1025,0.027968547867377,0.0707272756418855,0.0,-0.0,0.042758727774508495,0.0,0.0,1.163495750662613,0.24,0.06,0.027968547867377,0.042758727774508495,-0.0
1026,0.2894815213217725,0.06212167556378534,0.0,0.0,0.0,0.22735984575798718,0.0,1.103664212305248,0.24,0.06,0.06212167556378534,0.0,0.0
1027,0.272042309122115,0.05055790045883831,0.2214844086632767,0.0,0.0,0.0,0.0,1.103664212305248,0.24,0.06,0.05055790045883832,0.0,0.0
1028,0.20979231258300926,0.03415347530995992,0.0,0.0,0.0,0.17563883727304935,0.0,1.0574434656544456,0.24,0.06,0.03415347530995991,0.0,0.0
1029,0.18701687902833675,0.020707225187928464,0.0,0.0,0.0,0.16630965384040827,0.0,1.0136777672753907,0.24,0.06,0.020707225187928474,0.0,0.0
1030,0.21849363858619325,0.0083366750756595,0.0,0.0,0.0,0.21015696351053376,0.0,0.9583733031936712,0.24,0.06,0.008336675075659494,0.0,0.0
1031,0.173262412023904,0.0,0.173262412023904,0.0,0.0,0.0,0.0,0.9583733031936712,0.24,0.06,0.0,0.0,0.0
1032,0.136810854736136,0.0,0.136810854736136,0.0,0.0,0.0,0.0,0.9583733031936712,0.24,0.06,0.0,0.0,0.0
1033,0.067905336152699,0.0,0.067905336152699,0.0,0.0,0.0,0.0,0.9583733031936712,0.24,0.06,0.0,0.0,0.0
1034,0.0463421341498505,0.0,0.0463421341498505,0.0,0.0,0.0,0.0,0.9583733031936712,0.24,0.06,0.0,0.0,0.0
1035,0.06101530658283075,0.0,0.06101530658283075,0.0,0.0,0.0,0.0,0.9583733031936712,0.24,0.06,0.0,0.0,0.0
1036,0.21396278606052574,0.0,0.21396278606052574,0.0,0.0,0.0,0.0,0.9583733031936712,0.24,0.06,0.0,0.0,0.0
1037,0.16824739808137276,0.0,0.16824739808137276,0.0,0.0,0.0,0.0,0.9583733031936712,0.24,0.06,0.0,0.0,0.0
1038,0.33975648769275,0.0,0.33975648769275,0.0,0.0,0.0,0.0,0.9583733031936712,0.24,0.06,0.0,0.0,0.0
1039,0.2768964582141675,0.0,0.2768964582141675,0.0,0.0,0.0,0.0,0.9583733031936712,0.24,0.06,0.0,0.0,0.0
1040,0.15110118971651526,0.0,0.15110118971651526,0.0,0.0,0.0,0.0,0.9583733031936712,0.24,0.06,0.0,0.0,0.0
1041,0.145101661997513,0.0,0.145101661997513,0.0,0.0,0.0,0.0,0.9583733031936712,0.24,0.06,0.0,0.0,0.0
1042,0.1464146952251245,0.0,0.1464146952251245,0.0,0.0,0.0,0.0,0.9583733031936712,0.24,0.06,0.0,0.0,0.0
1043,0.14907993331601574,0.0,0.14907993331601574,0.0,0.0,0.0,0.0,0.9583733031936712,0.24,0.06,0.0,0.0,0.0
1044,0.153856783713682,0.0,0.153856783713682,0.0,0.0,0.0,0.0,0.9583733031936712,0.24,0.06,0.0,0.0,0.0
1045,0.21286441339637824,0.0,0.21286441339637824,0.0,0.0,0.0,0.0,0.9583733031936712,0.24,0.06,0.0,0.0,0.0
1046,0.306803218614425,0.0,0.306803218614425,0.0,0.0,0.0,0.0,0.9583733031936712,0.24,0.06,0.0,0.0,0.0
1047,0.2919644807346875,0.0,0.1617977832918879,0.0,0.0,0.1301666974427996,0.0,0.9241189091297766,0.24,0.06,0.0,0.0,0.0
1048,0.2500816455893475,0.0,0.0,0.0,0.0,0.2500816455893475,0.0,0.8583079497641588,0.24,0.06,0.0,0.0,0.0
1049,0.277551407962545,0.0,0.277551407962545,0.0,0.0,0.0,0.0,0.8583079497641588,0.14,0.06,0.0,0.0,0.0
1050,0.176957080700166,0.0,0.176957080700166,0.0,0.0,0.0,0.0,0.8583079497641588,0.14,0.06,0.0,0.0,0.0
1051,0.17391631719533174,0.0,0.17391631719533174,0.0,0.0,0.0,0.0,0.8583079497641588,0.14,0.06,0.0,0.0,0.0
1052,0.17775618206780525,0.0,0.17775618206780525,0.0,0.0,0.0,0.0,0.8583079497641588,0.14,0.06,0.0,0.0,0.0
1053,0.3962284068265,0.0,0.3962284068265,0.0,0.0,0.0,0.0,0.8583079497641588,0.14,0.06,0.0,0.0,0.0
1054,0.3791370387515775,0.0,0.3791370387515775,0.0,0.0,0.0,0.0,0.8583079497641588,0.14,0.06,0.0,0.0,0.0
1055,0.18981791212287924,0.0,0.18981791212287924,0.0,0.0,0.0,0.0,0.8583079497641588,0.14,0.06,0.0,0.0,0.0
1056,0.18820195157943076,0.0,0.18820195157943076,0.0,0.0,0.0,0.0,0.8583079497641588,0.14,0.06,0.0,0.0,0.0
1057,0.19639561318434975,0.0,0.19639561318434975,0.0,0.0,0.0,0.0,0.8583079497641588,0.14,0.06,0.0,0.0,0.0
1058,0.122309515211622,0.0,0.122309515211622,0.0,0.0,0.0,0.0,0.8583079497641588,0.14,0.06,0.0,0.0,0.0
1059,0.07923063945720325,0.0,0.07923063945720325,0.0,0.0,0.0,0.0,0.8583079497641588,0.14,0.06,0.0,0.0,0.0
1060,0.0292977720377315,0.0,0.0292977720377315,0.0,0.0,0.0,0.0,0.8583079497641588,0.14,0.06,0.0,0.0,0.0
1061,0.02988534657276025,0.0,0.02988534657276025,0.0,0.0,0.0,0.0,0.8583079497641588,0.14,0.06,0.0,0.0,0.0
1062,0.02067896761368925,0.0,0.02067896761368925,0.0,0.0,0.0,0.0,0.8583079497641589,0.14,0.06,0.0,0.0,0.0
1063,0.03558612528373,0.0,0.03558612528373,0.0,0.0,0.0,0.0,0.8583079497641589,0.14,0.06,0.0,0.0,0.0
1064,0.024142262495268674,0.0,0.024142262495268674,0.0,0.0,0.0,0.0,0.8583079497641589,0.14,0.06,0.0,0.0,0.0
1065,0.021298924034204227,0.0,0.021298924034204227,0.0,0.0,0.0,0.0,0.8583079497641589,0.14,0.06,0.0,0.0,0.0
1066,0.04760241624142825,0.0,0.04760241624142825,0.0,0.0,0.0,0.0,0.8583079497641589,0.14,0.06,0.0,0.0,0.0
1067,0.07110853137343875,0.0,0.07110853137343875,0.0,0.0,0.0,0.0,0.8583079497641589,0.14,0.06,0.0,0.0,0.0
1068,0.082413987715871,0.0,0.082413987715871,0.0,0.0,0.0,0.0,0.8583079497641589,0.14,0.06,0.0,0.0,0.0
1069,0.032808072882113,0.0,0.032808072882113,0.0,0.0,0.0,0.0,0.8583079497641589,0.14,0.06,0.0,0.0,0.0
1070,0.02010758402140335,0.0,0.02010758402140335,0.0,0.0,0.0,0.0,0.8583079497641589,0.14,0.06,0.0,0.0,0.0
1071,0.0264288414413635,0.0,0.0264288414413635,0.0,0.0,0.0,0.0,0.8583079497641589,0.14,0.06,0.0,0.0,0.0
1072,0.0266147761386705,0.0,0.0266147761386705,0.0,0.0,0.0,0.0,0.8583079497641589,0.14,0.06,0.0,0.0,0.0
1073,0.0205551852449765,0.0,0.0205551852449765,0.0,0.0,0.0,0.0,0.8583079497641589,0.14,0.06,0.0,0.0,0.0
1074,0.0317337254878425,0.0,0.0317337254878425,0.0,0.0,0.0,0.0,0.8583079497641589,0.14,0.06,0.0,0.0,0.0
1075,0.031213003877688,0.0,0.031213003877688,0.0,0.0,0.0,0.0,0.8583079497641589,0.14,0.06,0.0,0.0,0.0
1076,0.020841921618070625,0.0,0.020841921618070625,0.0,0.0,0.0,0.0,0.8583079497641589,0.14,0.06,0.0,0.0,0.0
1077,0.0801294979236785,0.0,0.0801294979236785,0.0,0.0,0.0,0.0,0.8583079497641589,0.14,0.06,0.0,0.0,0.0
1078,0.07232546352154325,0.0,0.07232546352154325,0.0,0.0,0.0,0.0,0.8583079497641589,0.14,0.06,0.0,0.0,0.0
1079,0.04045072014529375,0.0,0.04045072014529375,0.0,0.0,0.0,0.0,0.8583079497641589,0.14,0.06,0.0,0.0,0.0
1080,0.03015014682988,0.0,0.03015014682988,0.0,0.0,0.0,0.0,0.8583079497641589,0.14,0.06,0.0,0.0,0.0
1081,0.0213501083048112,0.0,0.0213501083048112,0.0,0.0,0.0,0.0,0.8583079497641589,0.14,0.06,0.0,0.0,0.0
1082,0.022097503113368,0.0,0.022097503113368,0.0,0.0,0.0,0.0,0.8583079497641589,0.14,0.06,0.0,0.0,0.0
1083,0.03875014886880125,0.0,0.03875014886880125,0.0,0.0,0.0,0.0,0.8583079497641589,0.14,0.06,0.0,0.0,0.0
1084,0.02088004867678805,0.0,0.02088004867678805,0.0,0.0,0.0,0.0,0.8583079497641589,0.14,0.06,0.0,0.0,0.0
1085,0.023372409282261874,0.0,0.023372409282261874,0.0,0.0,0.0,0.0,0.8583079497641589,0.14,0.06,0.0,0.0,0.0
1086,0.0376073816842295,0.0,0.0376073816842295,0.0,0.0,0.0,0.0,0.8583079497641589,0.14,0.06,0.0,0.0,0.0
1087,0.10267512454909525,0.0,0.10267512454909525,0.0,0.0,0.0,0.0,0.8583079497641589,0.14,0.06,0.0,0.0,0.0
1088,0.215249704864358,0.0,0.215249704864358,0.0,0.0,0.0,0.0,0.8583079497641589,0.14,0.06,0.0,0.0,0.0
1089,0.3340128813267825,0.011832700107387687,0.0,0.0,0.0,0.3221801812193948,0.0,0.7735236915485287,0.24,0.06,0.011832700107387684,0.0,0.0
1090,0.445198696585475,0.022320775202572245,0.0,0.0,0.0,0.42287792138290276,0.0,0.6622400280267122,0.24,0.06,0.02232077520257225,0.0,0.0
1091,0.5625302803363325,0.029850675270909836,0.0,0.0,0.0,0.5326796050654227,0.0,0.5220611845884431,0.24,0.06,0.029850675270909788,0.0,0.0
1092,0.512858034866175,0.03630487532948492,0.4765531595366901,0.0,0.0,0.0,0.0,0.5220611845884431,0.24,0.06,0.0363048753294849,0.0,0.0
1093,0.4360936415906675,0.04114552537341623,0.0,0.0,0.0,0.39494811621725123,0.0,0.4181274697944296,0.24,0.06,0.04114552537341626,0.0,0.0
1094,0.3843019494866025,0.04706187542711012,0.0,0.0,0.0,0.3372400740594924,0.0,0.3293800818840369,0.24,0.06,0.0470618754271101,0.0,0.0
1095,0.386106456169735,0.05055790045883831,0.0,0.0,0.0,0.3355485557108967,0.0,0.2410778303811693,0.24,0.06,0.05055790045883829,0.0,0.0
1096,0.5100570017716325,0.05486070049788838,0.4551963012737441,0.0,0.0,0.0,0.0,0.2410778303811693,0.24,0.06,0.05486070049788838,0.0,0.0
1097,0.5195281809878225,0.0594324255393791,0.0,0.0,0.0,0.4600957554484434,0.0,0.12,0.24,0.06,0.05943242553937911,0.0,0.0
1098,0.3373466486664175,0.11994055108852067,0.21740609757789683,0.0,0.0,0.0,0.0,0.12,0.24,0.06,0.11994055108852067,0.0,0.0
1099,0.1679695406123635,0.2076101018841659,0.0,-0.0,0.039640561271802405,0.0,0.0,0.12941463330205308,0.24,0.06,0.1679695406123635,0.039640561271802405,-0.0
1100,0.3160153427467275,0.26139510237229147,0.01884463382663431,0.0,0.0,0.035775606547801715,0.0,0.12,0.24,0.06,0.26139510237229147,0.0,0.0
1101,0.2457947017817775,0.34906465316793694,0.0,-0.0,0.10326995138615944,0.0,0.0,0.14452661345421286,0.24,0.06,0.2457947017817775,0.10326995138615944,-0.0
1102,0.31800317268479,0.401236103641419,0.0,-0.0,0.08323293095662887,0.0,0.0,0.1642944345564122,0.24,0.06,0.31800317268479,0.08323293095662887,-0.0
1103,0.3209295550134725,0.4340449539391758,0.0,-0.0,0.11311539892570321,0.0,0.0,0.19115934180126673,0.24,0.06,0.3209295550134725,0.11311539892570321,-0.0
1104,0.2379812661870815,0.46739165424181367,0.0,-0.0,0.22941038805473216,0.0,0.0,0.24564430896426562,0.24,0.06,0.2379812661870815,0.22941038805473216,-0.0
1105,0.19681396625329026,0.42866645389036273,0.0,-0.0,0.23185248763707245,0.0,0.0,0.3007092747780703,0.24,0.06,0.19681396625329026,0.23185248763707245,-0.0
1106,0.1170004528573385,0.47357692929794865,0.0,-0.0,0.3565764764406101,0.0,0.0,0.3853961879327152,0.24,0.06,0.1170004528573385,0.3565764764406101,-0.0
1107,0.102699149818972,0.5322025798300054,0.0,-0.0,0.4295034300110334,0.0,0.0,0.4874032525603356,0.24,0.06,0.102699149818972,0.4295034300110334,-0.0
1108,0.0218347920101506,0.5504894799959682,0.0,0.0,0.5286546879858176,0.0,0.0,0.6129587409569672,0.24,0.06,0.0218347920101506,0.5286546879858176,0.0
1109,0.026040258815531,0.5254794547689896,0.0,0.0,0.4994391959534586,0.0,0.0,0.7315755499959137,0.24,0.06,0.026040258815531,0.4994391959534586,0.0
1110,0.030313623122737,0.39397512857552197,0.0,-0.0,0.36366150545278497,0.0,0.0,0.8179451575409501,0.24,0.06,0.030313623122737,0.36366150545278497,-0.0
1111,0.019193579189136126,0.2845226525821858,0.0,-0.0,0.2653290733930497,0.0,0.0,0.8809608124717994,0.24,0.06,0.019193579189136126,0.2653290733930497,-0.0
1112,0.0570840412271305,0.21191290192321585,0.0,-0.0,0.15482886069608526,0.0,0.0,0.9177326668871196,0.24,0.06,0.0570840412271305,0.15482886069608526,-0.0
1113,0.09829260195049275,0.18851642671088092,0.0,-0.0,0.09022382476038815,0.0,0.0,0.9391608252677118,0.24,0.06,0.09829260195049275,0.09022382476038815,-0.0
1114,0.05732220477199575,0.1901299767255248,0.0,-0.0,0.132807771953529,0.0,0.0,0.970702671106675,0.24,0.06,0.05732220477199575,0.132807771953529,-0.0
1115,0.0335847158453025,0.21298860193297817,0.0,-0.0,0.17940388608767566,0.0,0.0,1.0133110940524979,0.24,0.06,0.0335847158453025,0.17940388608767566,-0.0
1116,0.0428422790749805,0.22240097701840061,0.0,-0.0,0.17955869794342005,0.0,0.0,1.0559562848140602,0.24,0.06,0.0428422790749805,0.17955869794342005,-0.0
1117,0.037974550482563,0.17372555157664663,0.0,-0.0,0.1357510010940836,0.0,0.0,1.0881971475739052,0.24,0.06,0.037974550482563,0.1357510010940836,-0.0
1118,0.0639542238349265,0.1293529261739427,0.0,-0.0,0.06539870233901612,0.0,0.0,1.1037293393794214,0.24,0.06,0.0639542238349265,0.06539870233901612,-0.0
1119,0.0393236216149895,0.09385482585177966,0.0,-0.0,0.054531204236790164,0.0,0.0,1.116680500385659,0.24,0.06,0.0393236216149895,0.054531204236790164,-0.0
1120,0.0207949156552683,0.08202212574439191,0.0,-0.0,0.061227210089123574,0.0,0.0,1.1312219627818259,0.24,0.06,0.0207949156552683,0.061227210089123574,-0.0
1121,0.019736236915265076,0.07180297565164803,0.0,-0.0,0.0520667387363829,0.0,0.0,1.1435878132317168,0.24,0.06,0.019736236915265076,0.0520667387363829,-0.0
1122,0.02532158987313125,0.0631973755735479,0.0,-0.0,0.03787578570041661,0.0,0.0,1.1525833123355658,0.24,0.06,0.02532158987313125,0.03787578570041661,-0.0
1123,0.026345797573746,0.05190252547104145,0.0,-0.0,0.025556727897295448,0.0,0.0,1.1586530352111735,0.24,0.06,0.026345797573746,0.025556727897295448,-0.0
1124,0.0678473621319095,0.03630487532948492,0.0,0.0,0.0,0.03154248680242459,0.0,1.1503523807894829,0.24,0.06,0.03630487532948492,0.0,0.0
1125,0.07139631232348426,0.022320775202572245,0.0,0.0,0.0,0.04907553712091201,0.0,1.1374377657576638,0.24,0.06,0.022320775202572245,0.0,0.0
1126,0.05907030429976625,0.009950225090303284,0.0,0.0,0.0,0.049120079209462965,0.0,1.1245114291235945,0.24,0.06,0.009950225090303286,0.0,0.0
1127,0.038630544807893,0.0,0.038630544807893,0.0,0.0,0.0,0.0,1.1245114291235945,0.24,0.06,0.0,0.0,0.0
1128,0.03754157333630625,0.0,0.03754157333630625,0.0,0.0,0.0,0.0,1.1245114291235945,0.24,0.06,0.0,0.0,0.0
1129,0.11522728348274,0.0,0.11522728348274,0.0,0.0,0.0,0.0,1.1245114291235945,0.24,0.06,0.0,0.0,0.0
1130,0.16481335135442576,0.0,0.16481335135442576,0.0,0.0,0.0,0.0,1.1245114291235945,0.24,0.06,0.0,0.0,0.0
1131,0.17697797223918926,0.0,0.17697797223918926,0.0,0.0,0.0,0.0,1.1245114291235945,0.24,0.06,0.0,0.0,0.0
1132,0.21000436170409525,0.0,0.21000436170409525,0.0,0.0,0.0,0.0,1.1245114291235945,0.24,0.06,0.0,0.0,0.0
1133,0.24969358525199176,0.0,0.24969358525199176,0.0,0.0,0.0,0.0,1.1245114291235945,0.24,0.06,0.0,0.0,0.0
1134,0.2256192202585485,0.0,0.2256192202585485,0.0,0.0,0.0,0.0,1.1245114291235945,0.24,0.06,0.0,0.0,0.0
1135,0.3619328563659325,0.0,0.3619328563659325,0.0,0.0,0.0,0.0,1.1245114291235945,0.24,0.06,0.0,0.0,0.0
1136,0.23901957567653725,0.0,0.23901957567653725,0.0,0.0,0.0,0.0,1.1245114291235945,0.24,0.06,0.0,0.0,0.0
1137,0.261439853067815,0.0,0.16311795198562823,0.0,0.0,0.09832190108218675,0.0,1.0986372446282822,0.24,0.06,0.0,0.0,0.0
1138,0.24947213493834525,0.0,0.0,0.0,0.0,0.24947213493834525,0.0,1.032986682802402,0.24,0.06,0.0,0.0,0.0
1139,0.2784779477182275,0.0,0.0,0.0,0.0,0.2784779477182275,0.0,0.9597030123502368,0.24,0.06,0.0,0.0,0.0
1140,0.30532409765158,0.0,0.0,0.0,0.0,0.30532409765158,0.0,0.8793545655998212,0.24,0.06,0.0,0.0,0.0
1141,0.4776604922082775,0.0,0.0,0.0,0.0,0.4776604922082775,0.0,0.7536544360713271,0.24,0.06,0.0,0.0,0.0
1142,0.3117158640157425,0.0,0.0,0.0,0.0,0.3117158640157425,0.0,0.6716239455408686,0.24,0.06,0.0,0.0,0.0
1143,0.3432077699393925,0.0,0.0,0.0,0.0,0.3432077699393925,0.0,0.5813061113462916,0.24,0.06,0.0,0.0,0.0
1144,0.232334283189097,0.0,0.0,0.0,0.0,0.232334283189097,0.0,0.5201655105070556,0.24,0.06,0.0,0.0,0.0
1145,0.2398625492761255,0.0,0.2398625492761255,0.0,0.0,0.0,0.0,0.5201655105070556,0.14,0.06,0.0,0.0,0.0
1146,0.2513931119515325,0.0,0.2513931119515325,0.0,0.0,0.0,0.0,0.5201655105070556,0.14,0.06,0.0,0.0,0.0
1147,0.27365618051166,0.0,0.27365618051166,0.0,0.0,0.0,0.0,0.5201655105070556,0.14,0.06,0.0,0.0,0.0
1148,0.296990462735205,0.0,0.296990462735205,0.0,0.0,0.0,0.0,0.5201655105070556,0.14,0.06,0.0,0.0,0.0
1149,0.38054565077022,0.0,0.38054565077022,0.0,0.0,0.0,0.0,0.5201655105070556,0.14,0.06,0.0,0.0,0.0
1150,0.20797057038018174,0.0,0.20797057038018174,0.0,0.0,0.0,0.0,0.5201655105070556,0.14,0.06,0.0,0.0,0.0
1151,0.1699552813965235,0.0,0.1699552813965235,0.0,0.0,0.0,0.0,0.5201655105070556,0.14,0.06,0.0,0.0,0.0
1152,0.165692362858829,0.0,0.165692362858829,0.0,0.0,0.0,0.0,0.5201655105070556,0.14,0.06,0.0,0.0,0.0
1153,0.129339518092946,0.0,0.129339518092946,0.0,0.0,0.0,0.0,0.5201655105070556,0.14,0.06,0.0,0.0,0.0
1154,0.0819966792238815,0.0,0.0819966792238815,0.0,0.0,0.0,0.0,0.5201655105070556,0.14,0.06,0.0,0.0,0.0
1155,0.076436918401319,0.0,0.076436918401319,0.0,0.0,0.0,0.0,0.5201655105070556,0.14,0.06,0.0,0.0,0.0
1156,0.076829679334956,0.0,0.076829679334956,0.0,0.0,0.0,0.0,0.5201655105070556,0.14,0.06,0.0,0.0,0.0
1157,0.04272528645645025,0.0,0.04272528645645025,0.0,0.0,0.0,0.0,0.5201655105070556,0.14,0.06,0.0,0.0,0.0
1158,0.025699726729452,0.0,0.025699726729452,0.0,0.0,0.0,0.0,0.5201655105070556,0.14,0.06,0.0,0.0,0.0
1159,0.03361239713450825,0.0,0.03361239713450825,0.0,0.0,0.0,0.0,0.5201655105070556,0.14,0.06,0.0,0.0,0.0
1160,0.020952124486418276,0.0,0.020952124486418276,0.0,0.0,0.0,0.0,0.5201655105070556,0.14,0.06,0.0,0.0,0.0
1161,0.025947813755353,0.0,0.025947813755353,0.0,0.0,0.0,0.0,0.5201655105070556,0.14,0.06,0.0,0.0,0.0
1162,0.0312620989943925,0.0,0.0312620989943925,0.0,0.0,0.0,0.0,0.5201655105070556,0.14,0.06,0.0,0.0,0.0
1163,0.03112212568293675,0.0,0.03112212568293675,0.0,0.0,0.0,0.0,0.5201655105070556,0.14,0.06,0.0,0.0,0.0
1164,0.10900056027686,0.0,0.10900056027686,0.0,0.0,0.0,0.0,0.5201655105070556,0.14,0.06,0.0,0.0,0.0
1165,0.09543568398906326,0.0,0.09543568398906326,0.0,0.0,0.0,0.0,0.5201655105070556,0.14,0.06,0.0,0.0,0.0
1166,0.06289136678711875,0.0,0.06289136678711875,0.0,0.0,0.0,0.0,0.5201655105070556,0.14,0.06,0.0,0.0,0.0
1167,0.0319556980899645,0.0,0.0319556980899645,0.0,0.0,0.0,0.0,0.5201655105070556,0.14,0.06,0.0,0.0,0.0
1168,0.02081058430953575,0.0,0.02081058430953575,0.0,0.0,0.0,0.0,0.5201655105070556,0.14,0.06,0.0,0.0,0.0
1169,0.020724406711064826,0.0,0.020724406711064826,0.0,0.0,0.0,0.0,0.5201655105070556,0.14,0.06,0.0,0.0,0.0
1170,0.04001669842208575,0.0,0.04001669842208575,0.0,0.0,0.0,0.0,0.5201655105070556,0.14,0.06,0.0,0.0,0.0
1171,0.020879004099836874,0.0,0.020879004099836874,0.0,0.0,0.0,0.0,0.5201655105070556,0.14,0.06,0.0,0.0,0.0
1172,0.020542128033086974,0.0,0.020542128033086974,0.0,0.0,0.0,0.0,0.5201655105070556,0.14,0.06,0.0,0.0,0.0
1173,0.0276750217441005,0.0,0.0276750217441005,0.0,0.0,0.0,0.0,0.5201655105070556,0.14,0.06,0.0,0.0,0.0
1174,0.04403623053015925,0.0,0.04403623053015925,0.0,0.0,0.0,0.0,0.5201655105070556,0.14,0.06,0.0,0.0,0.0
1175,0.07810928610013025,0.0,0.07810928610013025,0.0,0.0,0.0,0.0,0.5201655105070556,0.14,0.06,0.0,0.0,0.0
1176,0.06415112659022075,0.0,0.06415112659022075,0.0,0.0,0.0,0.0,0.5201655105070556,0.14,0.06,0.0,0.0,0.0
1177,0.03085784771429275,0.0,0.03085784771429275,0.0,0.0,0.0,0.0,0.5201655105070556,0.14,0.06,0.0,0.0,0.0
1178,0.02985557612965225,0.0,0.02985557612965225,0.0,0.0,0.0,0.0,0.5201655105070556,0.14,0.06,0.0,0.0,0.0
1179,0.02005483288536965,0.0,0.02005483288536965,0.0,0.0,0.0,0.0,0.5201655105070556,0.14,0.06,0.0,0.0,0.0
1180,0.021175141665491476,0.0,0.021175141665491476,0.0,0.0,0.0,0.0,0.5201655105070556,0.14,0.06,0.0,0.0,0.0
1181,0.0300498674425685,0.0,0.0300498674425685,0.0,0.0,0.0,0.0,0.5201655105070556,0.14,0.06,0.0,0.0,0.0
1182,0.0359172561772485,0.0,0.0359172561772485,0.0,0.0,0.0,0.0,0.5201655105070556,0.14,0.06,0.0,0.0,0.0
1183,0.0972652605190245,0.0,0.0972652605190245,0.0,0.0,0.0,0.0,0.5201655105070556,0.14,0.06,0.0,0.0,0.0
1184,0.24835130386974774,0.0,0.24835130386974774,0.0,0.0,0.0,0.0,0.5201655105070556,0.14,0.06,0.0,0.0,0.0
1185,0.32577012460516,0.018555825168403435,0.0,0.0,0.0,0.3072142994367566,0.0,0.4393196422342249,0.24,0.06,0.018555825168403428,0.0,0.0
1186,0.139593607734033,0.034960250317281755,0.10463335741675125,0.0,0.0,0.0,0.0,0.4393196422342249,0.24,0.06,0.034960250317281755,0.0,0.0
1187,0.165556567855178,0.04275907538806007,0.0,0.0,0.0,0.12279749246711794,0.0,0.40700451263761495,0.24,0.06,0.042759075388060064,0.0,0.0
1188,0.1255769519148585,0.04733080042955075,0.0,0.0,0.0,0.07824615148530774,0.0,0.38641342014148133,0.24,0.06,0.04733080042955075,0.0,0.0
1189,0.15073193176427924,0.052440375475922764,0.0,0.0,0.0,0.09829155628835648,0.0,0.3605472211182296,0.24,0.06,0.05244037547592276,0.0,0.0
1190,0.09380562165677425,0.05916350053693844,0.0,0.0,0.0,0.03464212111983581,0.0,0.3514308734551149,0.24,0.06,0.05916350053693844,0.0,0.0
1191,0.2965308488766925,0.06588662559795415,0.0,0.0,0.0,0.23064422327873835,0.0,0.290735025223868,0.24,0.06,0.06588662559795416,0.0,0.0
1192,0.4592613137905,0.06911372562724172,0.0,0.0,0.0,0.3901475881632583,0.0,0.18806460728616847,0.24,0.06,0.06911372562724172,0.0,0.0
1193,0.17416283735580626,0.06723125061015735,0.0,0.0,0.0,0.10693158674564891,0.0,0.1599247160373135,0.24,0.06,0.06723125061015735,0.0,0.0
1194,0.250142231052515,0.12424335112757073,0.0,0.0,0.0,0.12589887992494425,0.0,0.1267934318465387,0.24,0.06,0.12424335112757073,0.0,0.0
1195,0.23503869291565674,0.20922365189880973,0.0,0.0,0.0,0.025815041016847007,0.0,0.12,0.24,0.06,0.20922365189880973,0.0,0.0
1196,0.1263739641285955,0.263277577389376,0.0,-0.0,0.13690361326078052,0.0,0.0,0.15251460814943538,0.24,0.06,0.1263739641285955,0.13690361326078052,-0.0
1197,0.113733016154102,0.3501403531776995,0.0,-0.0,0.23640733702359748,0.0,0.0,0.20866135069253977,0.24,0.06,0.113733016154102,0.23640733702359748,-0.0
1198,0.2969742717924625,0.401236103641419,0.0,-0.0,0.10426183184895649,0.0,0.0,0.23342353575666694,0.24,0.06,0.2969742717924625,0.10426183184895649,-0.0
1199,0.3097651165594475,0.43888560398310683,0.0,-0.0,0.12912048742365934,0.0,0.0,0.26408965151978603,0.24,0.06,0.3097651165594475,0.12912048742365934,-0.0
1200,0.04000677494104975,0.47303907929306727,0.0,-0.0,0.43303230435201745,0.0,0.0,0.36693482380339015,0.24,0.06,0.04000677494104975,0.43303230435201745,-0.0
1201,0.124699507275882,0.42194332882934754,0.0,-0.0,0.2972438215534655,0.0,0.0,0.4375302314223382,0.24,0.06,0.124699507275882,0.2972438215534655,-0.0
1202,0.090867226693154,0.4641645542125263,0.0,-0.0,0.3732973275193723,0.0,0.0,0.5261883467081891,0.24,0.06,0.090867226693154,0.3732973275193723,-0.0
1203,0.07051677853060526,0.5163360046860084,0.0,0.0,0.44581922615540315,0.0,0.0,0.6320704129200974,0.24,0.06,0.07051677853060526,0.44581922615540315,0.0
1204,0.07908387639556475,0.5424217299227492,0.0,0.0,0.46333785352718443,0.0,0.0,0.7421131531328037,0.24,0.06,0.07908387639556475,0.46333785352718443,0.0
1205,0.214587443077321,0.5343539798495304,0.0,-0.0,0.31976653677220934,0.0,0.0,0.8180577056162034,0.24,0.06,0.214587443077321,0.31976653677220934,-0.0
1206,0.4145064143179425,0.3899412535389125,0.0,0.0,0.0,0.024565160779029982,0.0,0.8115931896217218,0.24,0.06,0.3899412535389125,0.0,0.0
1207,0.2465530646483215,0.28882545262123566,0.0,-0.0,0.042272387972914105,0.0,0.0,0.8216328817652889,0.24,0.06,0.2465530646483215,0.042272387972914105,-0.0
1208,0.1220368806273685,0.21756032697446928,0.0,-0.0,0.09552344634710078,0.0,0.0,0.8443197002727254,0.24,0.06,0.1220368806273685,0.09552344634710078,-0.0
1209,0.15213688776359274,0.18905427671576253,0.0,-0.0,0.03691738895216978,0.0,0.0,0.8530875801488658,0.24,0.06,0.15213688776359274,0.03691738895216978,-0.0
1210,0.14298848282531126,0.1863650266913561,0.0,-0.0,0.04337654386604484,0.0,0.0,0.8633895093170514,0.24,0.06,0.14298848282531126,0.04337654386604484,-0.0
1211,0.125198292770062,0.2084168768914877,0.0,-0.0,0.08321858412142569,0.0,0.0,0.88315392304589,0.24,0.06,0.125198292770062,0.08321858412142569,-0.0
1212,0.11791445768960575,0.21702247696958768,0.0,-0.0,0.09910801927998193,0.0,0.0,0.9066920776248857,0.24,0.06,0.11791445768960575,0.09910801927998193,-0.0
1213,0.07461726535239376,0.1686159765302746,0.0,-0.0,0.09399871117788083,0.0,0.0,0.9290167715296324,0.24,0.06,0.07461726535239376,0.09399871117788083,-0.0
1214,0.0897589305479705,0.12827722616418016,0.0,-0.0,0.038518295616209564,0.0,0.0,0.9381648667384821,0.24,0.06,0.0897589305479705,0.038518295616209564,-0.0
1215,0.08932647569018926,0.09493052586154206,0.0,-0.0,0.005604050171352792,0.0,0.0,0.9394958286541784,0.24,0.06,0.08932647569018926,0.005604050171352792,-0.0
1216,0.134705509891068,0.08363567575903565,0.05106983413203235,0.0,0.0,0.0,0.0,0.9394958286541784,0.24,0.06,0.08363567575903565,0.0,0.0
1217,0.2552376774202875,0.07234082565652929,0.18289685176375825,0.0,0.0,0.0,0.0,0.9394958286541784,0.24,0.06,0.07234082565652927,0.0,0.0
1218,0.294828710734775,0.06427307558331037,0.23055563515146466,0.0,0.0,0.0,0.0,0.9394958286541784,0.24,0.06,0.06427307558331036,0.0,0.0
1219,0.2869327535609375,0.0532471504832446,0.0,0.0,0.0,0.2336856030776929,0.0,0.8779996173179434,0.24,0.06,0.053247150483244604,0.0,0.0
1220,0.174605737983099,0.03711165033680685,0.0,0.0,0.0,0.13749408764629215,0.0,0.8418169626741823,0.24,0.06,0.037111650336806856,0.0,0.0
1221,0.15703699824149625,0.023127550209894147,0.1339094480316021,0.0,0.0,0.0,0.0,0.8418169626741823,0.24,0.06,0.023127550209894154,0.0,0.0
1222,0.296105183769095,0.011294850102506427,0.2848103336665886,0.0,0.0,0.0,0.0,0.8418169626741823,0.24,0.06,0.011294850102506415,0.0,0.0
1223,0.29789297722101,0.0,0.29789297722101,0.0,0.0,0.0,0.0,0.8418169626741823,0.24,0.06,0.0,0.0,0.0
1224,0.245319941557474,0.0,0.245319941557474,0.0,0.0,0.0,0.0,0.8418169626741823,0.24,0.06,0.0,0.0,0.0
1225,0.094052664105724,0.0,0.094052664105724,0.0,0.0,0.0,0.0,0.8418169626741823,0.24,0.06,0.0,0.0,0.0
1226,0.091677818407256,0.0,0.091677818407256,0.0,0.0,0.0,0.0,0.8418169626741823,0.24,0.06,0.0,0.0,0.0
1227,0.1098894952622995,0.0,0.1098894952622995,0.0,0.0,0.0,0.0,0.8418169626741823,0.24,0.06,0.0,0.0,0.0
1228,0.15305507090366474,0.0,0.15305507090366474,0.0,0.0,0.0,0.0,0.8418169626741823,0.24,0.06,0.0,0.0,0.0
1229,0.1757803647646815,0.0,0.049070666498476856,0.0,0.0,0.12670969826620465,0.0,0.8084723052357073,0.24,0.06,0.0,0.0,0.0
1230,0.3258542130497275,0.0,0.0,0.0,0.0,0.3258542130497275,0.0,0.7227211965384106,0.24,0.06,0.0,0.0,0.0
1231,0.34996409365951,0.0,0.0,0.0,0.0,0.34996409365951,0.0,0.6306253824174869,0.24,0.06,0.0,0.0,0.0
1232,0.23031250450012175,0.0,0.0,0.0,0.0,0.23031250450012175,0.0,0.5700168286016654,0.24,0.06,0.0,0.0,0.0
1233,0.20958026346192324,0.0,0.0,0.0,0.0,0.20958026346192324,0.0,0.5148641276906329,0.24,0.06,0.0,0.0,0.0
1234,0.208829734922513,0.0,0.0,0.0,0.0,0.208829734922513,0.0,0.45990893428997165,0.24,0.06,0.0,0.0,0.0
1235,0.1996306680021,0.0,0.0,0.0,0.0,0.1996306680021,0.0,0.40737454797362954,0.24,0.06,0.0,0.0,0.0
1236,0.17918307418309326,0.0,0.0,0.0,0.0,0.17918307418309326,0.0,0.3602211073991314,0.24,0.06,0.0,0.0,0.0
1237,0.15470759164040376,0.0,0.0,0.0,0.0,0.15470759164040376,0.0,0.31950858328323567,0.24,0.06,0.0,0.0,0.0
1238,0.17718323161009275,0.0,0.0,0.0,0.0,0.17718323161009275,0.0,0.27288141707005337,0.24,0.06,0.0,0.0,0.0
1239,0.1931939848290365,0.0,0.0,0.0,0.0,0.1931939848290365,0.0,0.22204089474662275,0.24,0.06,0.0,0.0,0.0
1240,0.24495433962456725,0.0,0.0,0.0,0.0,0.24495433962456725,0.0,0.1575792264243682,0.24,0.06,0.0,0.0,0.0
1241,0.4534989050394125,0.0,0.4534989050394125,0.0,0.0,0.0,0.0,0.1575792264243682,0.14,0.06,0.0,0.0,0.0
1242,0.3519874392139125,0.0,0.3519874392139125,0.0,0.0,0.0,0.0,0.1575792264243682,0.14,0.06,0.0,0.0,0.0
1243,0.29872863878194,0.0,0.29872863878194,0.0,0.0,0.0,0.0,0.1575792264243682,0.14,0.06,0.0,0.0,0.0
1244,0.16062616464569074,0.0,0.16062616464569074,0.0,0.0,0.0,0.0,0.1575792264243682,0.14,0.06,0.0,0.0,0.0
1245,0.08440442909631125,0.0,0.08440442909631125,0.0,0.0,0.0,0.0,0.1575792264243682,0.14,0.06,0.0,0.0,0.0
1246,0.065502809165025,0.0,0.065502809165025,0.0,0.0,0.0,0.0,0.1575792264243682,0.14,0.06,0.0,0.0,0.0
1247,0.2306645269326635,0.0,0.2306645269326635,0.0,0.0,0.0,0.0,0.1575792264243682,0.14,0.06,0.0,0.0,0.0
1248,0.16056140087471876,0.0,0.16056140087471876,0.0,0.0,0.0,0.0,0.1575792264243682,0.14,0.06,0.0,0.0,0.0
1249,0.02562712863134625,0.0,0.02562712863134625,0.0,0.0,0.0,0.0,0.1575792264243682,0.14,0.06,0.0,0.0,0.0
1250,0.02787296907634575,0.0,0.02787296907634575,0.0,0.0,0.0,0.0,0.1575792264243682,0.14,0.06,0.0,0.0,0.0
1251,0.04116312162598675,0.0,0.04116312162598675,0.0,0.0,0.0,0.0,0.1575792264243682,0.14,0.06,0.0,0.0,0.0
1252,0.029995549441108,0.0,0.029995549441108,0.0,0.0,0.0,0.0,0.1575792264243682,0.14,0.06,0.0,0.0,0.0
1253,0.08023082188794126,0.0,0.08023082188794126,0.0,0.0,0.0,0.0,0.1575792264243682,0.14,0.06,0.0,0.0,0.0
1254,0.07165693427279925,0.0,0.07165693427279925,0.0,0.0,0.0,0.0,0.1575792264243682,0.14,0.06,0.0,0.0,0.0
1255,0.0286078289614885,0.0,0.0286078289614885,0.0,0.0,0.0,0.0,0.1575792264243682,0.14,0.06,0.0,0.0,0.0
1256,0.035287898564173,0.0,0.035287898564173,0.0,0.0,0.0,0.0,0.1575792264243682,0.14,0.06,0.0,0.0,0.0
1257,0.021197077781465876,0.0,0.021197077781465876,0.0,0.0,0.0,0.0,0.1575792264243682,0.14,0.06,0.0,0.0,0.0
1258,0.03036741883572175,0.0,0.03036741883572175,0.0,0.0,0.0,0.0,0.1575792264243682,0.14,0.06,0.0,0.0,0.0
1259,0.022360214216585374,0.0,0.022360214216585374,0.0,0.0,0.0,0.0,0.1575792264243682,0.14,0.06,0.0,0.0,0.0
1260,0.0298827351303825,0.0,0.0298827351303825,0.0,0.0,0.0,0.0,0.1575792264243682,0.14,0.06,0.0,0.0,0.0
1261,0.03247850885402125,0.0,0.03247850885402125,0.0,0.0,0.0,0.0,0.1575792264243682,0.14,0.06,0.0,0.0,0.0
1262,0.03724595805912725,0.0,0.03724595805912725,0.0,0.0,0.0,0.0,0.1575792264243682,0.14,0.06,0.0,0.0,0.0
1263,0.075778312633611,0.0,0.075778312633611,0.0,0.0,0.0,0.0,0.1575792264243682,0.14,0.06,0.0,0.0,0.0
1264,0.0791131245501975,0.0,0.0791131245501975,0.0,0.0,0.0,0.0,0.1575792264243682,0.14,0.06,0.0,0.0,0.0
1265,0.038584583422042,0.0,0.038584583422042,0.0,0.0,0.0,0.0,0.1575792264243682,0.14,0.06,0.0,0.0,0.0
1266,0.02603869195010425,0.0,0.02603869195010425,0.0,0.0,0.0,0.0,0.1575792264243682,0.14,0.06,0.0,0.0,0.0
1267,0.02722480907814925,0.0,0.02722480907814925,0.0,0.0,0.0,0.0,0.1575792264243682,0.14,0.06,0.0,0.0,0.0
1268,0.020764100635209,0.0,0.020764100635209,0.0,0.0,0.0,0.0,0.1575792264243682,0.14,0.06,0.0,0.0,0.0
1269,0.0293849942131535,0.0,0.0293849942131535,0.0,0.0,0.0,0.0,0.1575792264243682,0.14,0.06,0.0,0.0,0.0
1270,0.03273181876467825,0.0,0.03273181876467825,0.0,0.0,0.0,0.0,0.1575792264243683,0.14,0.06,0.0,0.0,0.0
1271,0.02096674856373455,0.0,0.02096674856373455,0.0,0.0,0.0,0.0,0.1575792264243683,0.14,0.06,0.0,0.0,0.0
1272,0.027871402210919,0.0,0.027871402210919,0.0,0.0,0.0,0.0,0.1575792264243683,0.14,0.06,0.0,0.0,0.0
1273,0.0421998642500155,0.0,0.0421998642500155,0.0,0.0,0.0,0.0,0.1575792264243683,0.14,0.06,0.0,0.0,0.0
1274,0.08047420831756225,0.0,0.08047420831756225,0.0,0.0,0.0,0.0,0.1575792264243683,0.14,0.06,0.0,0.0,0.0
1275,0.0799425186494205,0.0,0.0799425186494205,0.0,0.0,0.0,0.0,0.1575792264243683,0.14,0.06,0.0,0.0,0.0
1276,0.03779853926629225,0.0,0.03779853926629225,0.0,0.0,0.0,0.0,0.1575792264243683,0.14,0.06,0.0,0.0,0.0
1277,0.02125923011006005,0.0,0.02125923011006005,0.0,0.0,0.0,0.0,0.1575792264243683,0.14,0.06,0.0,0.0,0.0
1278,0.02966702998996725,0.0,0.02966702998996725,0.0,0.0,0.0,0.0,0.1575792264243683,0.14,0.06,0.0,0.0,0.0
1279,0.03013813419494175,0.0,0.03013813419494175,0.0,0.0,0.0,0.0,0.1575792264243683,0.14,0.06,0.0,0.0,0.0
1280,0.1556445771655965,0.0,0.1556445771655965,0.0,0.0,0.0,0.0,0.1575792264243683,0.14,0.06,0.0,0.0,0.0
1281,0.0961439071619515,0.01586657514399712,0.0,0.0,0.0,0.08027733201795437,0.0,0.13645361273543294,0.24,0.06,0.015866575143997128,0.0,0.0
1282,0.0910286138321085,0.02689250024406294,0.06413611358804557,0.0,0.0,0.0,0.0,0.13645361273543294,0.24,0.06,0.026892500244062936,0.0,0.0
1283,0.09444490275088575,0.035229175319722424,0.05921572743116333,0.0,0.0,0.0,0.0,0.13645361273543294,0.24,0.06,0.035229175319722424,0.0,0.0
1284,0.104744953777824,0.042221225383178795,0.0,0.0,0.0,0.0625237283946452,0.0,0.12,0.24,0.06,0.042221225383178795,0.0,0.0
1285,0.09018198421319125,0.05002005045395701,0.04016193375923424,0.0,0.0,0.0,0.0,0.12,0.24,0.06,0.05002005045395701,0.0,0.0
1286,0.09704485478232926,0.0594324255393791,0.037612429242950156,0.0,0.0,0.0,0.0,0.12,0.24,0.06,0.0594324255393791,0.0,0.0
1287,0.067032069821527,0.06696232560771669,6.974421381031326e-05,0.0,0.0,0.0,0.0,0.12,0.24,0.06,0.06696232560771669,0.0,0.0
1288,0.0,0.07180297565164803,0.0,0.0,0.07180297565164803,0.0,0.0,0.1370532067172664,0.24,0.06,0.0,0.07180297565164803,0.0
1289,0.10842708753067175,0.08067750073218882,0.0,0.0,0.0,0.027749586798482925,0.0,0.12975068387556035,0.24,0.06,0.08067750073218882,0.0,0.0
1290,0.17374187284448775,0.12854615116662077,0.008143122950737582,0.0,0.0,0.0370525987271294,0.0,0.12,0.24,0.06,0.12854615116662077,0.0,0.0
1291,0.1169466571443535,0.221863127013519,0.0,-0.0,0.10491646986916552,0.0,0.0,0.1449176615939268,0.24,0.06,0.1169466571443535,0.10491646986916552,-0.0
1292,0.11006811792094826,0.2748413524943234,0.0,-0.0,0.16477323457337514,0.0,0.0,0.1840513048051034,0.24,0.06,0.11006811792094826,0.16477323457337514,-0.0
1293,0.1143399153627275,0.35040927818014,0.0,-0.0,0.23606936281741242,0.0,0.0,0.24011777847423885,0.24,0.06,0.1143399153627275,0.23606936281741242,-0.0
1294,0.0911769437591735,0.4031185786585032,0.0,-0.0,0.3119416348993296,0.0,0.0,0.3142039167628296,0.24,0.06,0.0911769437591735,0.3119416348993296,-0.0
1295,0.045550867109345,0.43108677891232833,0.0,-0.0,0.3855359118029833,0.0,0.0,0.40576869581603814,0.24,0.06,0.045550867109345,0.3855359118029833,-0.0
1296,0.10777161549381725,0.45878605416371304,0.0,-0.0,0.3510144386698957,0.0,0.0,0.4891346250001384,0.24,0.06,0.10777161549381725,0.3510144386698957,-0.0
1297,0.16267249089301825,0.4197919288098224,0.0,-0.0,0.25711943791680403,0.0,0.0,0.5502004915053793,0.24,0.06,0.16267249089301825,0.25711943791680403,-0.0
1298,0.2381860032695095,0.452062929102698,0.0,-0.0,0.2138769258331885,0.0,0.0,0.6009962613907616,0.24,0.06,0.2381860032695095,0.2138769258331885,-0.0
1299,0.171912818603002,0.5066547045981459,0.0,-0.0,0.3347418859951439,0.0,0.0,0.6804974593146083,0.24,0.06,0.171912818603002,0.3347418859951439,-0.0
1300,0.19667921582659026,0.5313958048226837,0.0,-0.0,0.3347165889960934,0.0,0.0,0.7599926492011805,0.24,0.06,0.19667921582659026,0.3347165889960934,-0.0
1301,0.12066639566744325,0.5270930047836334,0.0,-0.0,0.4064266091161901,0.0,0.0,0.8565189688662757,0.24,0.06,0.12066639566744325,0.4064266091161901,-0.0
1302,0.067983679424036,0.3990847036218939,0.0,-0.0,0.3311010241978578,0.0,0.0,0.9351554621132668,0.24,0.06,0.067983679424036,0.3311010241978578,-0.0
1303,0.07820590946811275,0.2909768526407606,0.0,-0.0,0.2127709431726479,0.0,0.0,0.9856885611167707,0.24,0.06,0.07820590946811275,0.2127709431726479,-0.0
1304,0.15509930799708976,0.22939302708185688,0.0,-0.0,0.07429371908476712,0.0,0.0,1.003333319399403,0.24,0.06,0.15509930799708976,0.07429371908476712,-0.0
1305,0.3180997960527725,0.2035762268475564,0.0,0.0,0.0,0.11452356920521609,0.0,0.9731955380296092,0.24,0.06,0.2035762268475564,0.0,0.0
1306,0.3755238470775075,0.19631525178165946,0.0,0.0,0.0,0.17920859529584807,0.0,0.926035381372807,0.24,0.06,0.19631525178165946,0.0,0.0
1307,0.3306509104094675,0.21271967693053798,0.0,0.0,0.0,0.1179312334789295,0.0,0.895000846246773,0.24,0.06,0.21271967693053798,0.0,0.0
1308,0.171976537797023,0.21917387698911278,0.0,-0.0,0.04719733919208968,0.0,0.0,0.9062102143048943,0.24,0.06,0.171976537797023,0.04719733919208968,-0.0
1309,0.140017705976205,0.17157415155712155,0.0,-0.0,0.031556445580916526,0.0,0.0,0.9137048701303621,0.24,0.06,0.140017705976205,0.031556445580916526,-0.0
1310,0.168975468216333,0.12558797613977388,0.0,0.0,0.0,0.04338749207655912,0.0,0.9022871090575834,0.24,0.06,0.12558797613977388,0.0,0.0
1311,0.1450525668808085,0.10030902591035479,0.0,0.0,0.0,0.044743540970453716,0.0,0.8905124930127271,0.24,0.06,0.10030902591035479,0.0,0.0
1312,0.10061521880140276,0.08766955079564516,0.0,0.0,0.0,0.012945668005757596,0.0,0.8871057382743699,0.24,0.06,0.08766955079564516,0.0,0.0
1313,0.0985187528604195,0.07664362569557934,0.021875127164840164,0.0,0.0,0.0,0.0,0.8871057382743699,0.24,0.06,0.07664362569557934,0.0,0.0
1314,0.11733994036646625,0.06723125061015735,0.0,0.0,0.0,0.0501086897563089,0.0,0.873919240970078,0.24,0.06,0.06723125061015735,0.0,0.0
1315,0.110395070506662,0.0553985505027696,0.0,0.0,0.0,0.0549965200038924,0.0,0.8594464725480011,0.24,0.06,0.0553985505027696,0.0,0.0
1316,0.091207758779233,0.03738057533924751,0.0,0.0,0.0,0.053827183439985486,0.0,0.8452814242743207,0.24,0.06,0.03738057533924751,0.0,0.0
1317,0.089065853740874,0.022051850200131593,0.06701400354074241,0.0,0.0,0.0,0.0,0.8452814242743207,0.24,0.06,0.02205185020013159,0.0,0.0
1318,0.128709638191395,0.010488075095184537,0.11822156309621046,0.0,0.0,0.0,0.0,0.8452814242743207,0.24,0.06,0.01048807509518454,0.0,0.0
1319,0.123912418543181,0.00026892500244062945,0.0,0.0,0.0,0.12364349354074036,0.0,0.8127436628162311,0.24,0.06,0.0002689250024406342,0.0,0.0
1320,0.148231214543196,0.0,0.148231214543196,0.0,0.0,0.0,0.0,0.8127436628162311,0.24,0.06,0.0,0.0,0.0
1321,0.17039139227363376,0.0,0.17039139227363376,0.0,0.0,0.0,0.0,0.8127436628162311,0.24,0.06,0.0,0.0,0.0
1322,0.24825729194414325,0.0,0.24825729194414325,0.0,0.0,0.0,0.0,0.8127436628162311,0.24,0.06,0.0,0.0,0.0
1323,0.14680588929333474,0.0,0.14680588929333474,0.0,0.0,0.0,0.0,0.8127436628162311,0.24,0.06,0.0,0.0,0.0
1324,0.18986961868196175,0.0,0.18986961868196175,0.0,0.0,0.0,0.0,0.8127436628162311,0.24,0.06,0.0,0.0,0.0
1325,0.1879778898234065,0.0,0.03937570304407326,0.0,0.0,0.14860218677933323,0.0,0.7736378241900908,0.24,0.06,0.0,0.0,0.0
1326,0.23401082919571276,0.0,0.0,0.0,0.0,0.23401082919571276,0.0,0.7120560270333244,0.24,0.06,0.0,0.0,0.0
1327,0.22277327035510625,0.0,0.0,0.0,0.0,0.22277327035510625,0.0,0.6534314822030333,0.24,0.06,0.0,0.0,0.0
1328,0.1488866865800505,0.0,0.0,0.0,0.0,0.1488866865800505,0.0,0.6142507752082831,0.24,0.06,0.0,0.0,0.0
1329,0.19418476606721424,0.0,0.0,0.0,0.0,0.19418476606721424,0.0,0.5631495209800688,0.24,0.06,0.0,0.0,0.0
1330,0.2880029226474025,0.0,0.0,0.0,0.0,0.2880029226474025,0.0,0.48735927817812075,0.24,0.06,0.0,0.0,0.0
1331,0.224827953218043,0.0,0.0,0.0,0.0,0.224827953218043,0.0,0.4281940273312673,0.24,0.06,0.0,0.0,0.0
1332,0.18779404428000174,0.0,0.0,0.0,0.0,0.18779404428000174,0.0,0.3787745419944248,0.24,0.06,0.0,0.0,0.0
1333,0.17734357417209626,0.0,0.0,0.0,0.0,0.17734357417209626,0.0,0.33210518037018893,0.24,0.06,0.0,0.0,0.0
1334,0.18058019585527324,0.0,0.0,0.0,0.0,0.18058019585527324,0.0,0.2845840761977486,0.24,0.06,0.0,0.0,0.0
1335,0.405945061626215,0.0,0.0,0.0,0.0,0.405945061626215,0.0,0.17775642840137623,0.24,0.06,0.0,0.0,0.0
1336,0.17232229276785774,0.0,0.0,0.0,0.0,0.17232229276785774,0.0,0.13240845662036105,0.24,0.06,0.0,0.0,0.0
1337,0.281041861844855,0.0,0.281041861844855,0.0,0.0,0.0,0.0,0.13240845662036105,0.14,0.06,0.0,0.0,0.0
1338,0.2395507430562035,0.0,0.2395507430562035,0.0,0.0,0.0,0.0,0.13240845662036121,0.14,0.06,0.0,0.0,0.0
1339,0.2540834198892525,0.0,0.2540834198892525,0.0,0.0,0.0,0.0,0.13240845662036121,0.14,0.06,0.0,0.0,0.0
1340,0.2037264542276085,0.0,0.2037264542276085,0.0,0.0,0.0,0.0,0.13240845662036121,0.14,0.06,0.0,0.0,0.0
1341,0.46528852279871,0.0,0.46528852279871,0.0,0.0,0.0,0.0,0.13240845662036121,0.14,0.06,0.0,0.0,0.0
1342,0.196551255150073,0.0,0.196551255150073,0.0,0.0,0.0,0.0,0.13240845662036121,0.14,0.06,0.0,0.0,0.0
1343,0.1393873037861785,0.0,0.1393873037861785,0.0,0.0,0.0,0.0,0.13240845662036121,0.14,0.06,0.0,0.0,0.0
1344,0.14550121268133276,0.0,0.14550121268133276,0.0,0.0,0.0,0.0,0.13240845662036121,0.14,0.06,0.0,0.0,0.0
1345,0.09346508957069526,0.0,0.09346508957069526,0.0,0.0,0.0,0.0,0.13240845662036121,0.14,0.06,0.0,0.0,0.0
1346,0.1050985430757925,0.0,0.1050985430757925,0.0,0.0,0.0,0.0,0.13240845662036121,0.14,0.06,0.0,0.0,0.0
1347,0.129500382943425,0.0,0.129500382943425,0.0,0.0,0.0,0.0,0.13240845662036121,0.14,0.06,0.0,0.0,0.0
1348,0.08917971262855075,0.0,0.08917971262855075,0.0,0.0,0.0,0.0,0.13240845662036121,0.14,0.06,0.0,0.0,0.0
1349,0.04874309427209775,0.0,0.04874309427209775,0.0,0.0,0.0,0.0,0.13240845662036121,0.14,0.06,0.0,0.0,0.0
1350,0.039776968011794,0.0,0.039776968011794,0.0,0.0,0.0,0.0,0.13240845662036121,0.14,0.06,0.0,0.0,0.0
1351,0.0456548025159855,0.0,0.0456548025159855,0.0,0.0,0.0,0.0,0.13240845662036121,0.14,0.06,0.0,0.0,0.0
1352,0.04341993012897325,0.0,0.04341993012897325,0.0,0.0,0.0,0.0,0.13240845662036121,0.14,0.06,0.0,0.0,0.0
1353,0.07899717650861825,0.0,0.07899717650861825,0.0,0.0,0.0,0.0,0.13240845662036121,0.14,0.06,0.0,0.0,0.0
1354,0.07909902276135675,0.0,0.07909902276135675,0.0,0.0,0.0,0.0,0.13240845662036121,0.14,0.06,0.0,0.0,0.0
1355,0.05994827122721825,0.0,0.05994827122721825,0.0,0.0,0.0,0.0,0.13240845662036121,0.14,0.06,0.0,0.0,0.0
1356,0.03527170762143,0.0,0.03527170762143,0.0,0.0,0.0,0.0,0.13240845662036121,0.14,0.06,0.0,0.0,0.0
1357,0.0289896218371385,0.0,0.0289896218371385,0.0,0.0,0.0,0.0,0.13240845662036121,0.14,0.06,0.0,0.0,0.0
1358,0.03784345607519225,0.0,0.03784345607519225,0.0,0.0,0.0,0.0,0.13240845662036121,0.14,0.06,0.0,0.0,0.0
1359,0.03049485722376375,0.0,0.03049485722376375,0.0,0.0,0.0,0.0,0.13240845662036121,0.14,0.06,0.0,0.0,0.0
1360,0.030843745925452,0.0,0.030843745925452,0.0,0.0,0.0,0.0,0.13240845662036121,0.14,0.06,0.0,0.0,0.0
1361,0.0786576889994905,0.0,0.0786576889994905,0.0,0.0,0.0,0.0,0.13240845662036121,0.14,0.06,0.0,0.0,0.0
1362,0.082995294789193,0.0,0.082995294789193,0.0,0.0,0.0,0.0,0.13240845662036121,0.14,0.06,0.0,0.0,0.0
1363,0.0591919975145765,0.0,0.0591919975145765,0.0,0.0,0.0,0.0,0.13240845662036121,0.14,0.06,0.0,0.0,0.0
1364,0.0324221016986585,0.0,0.0324221016986585,0.0,0.0,0.0,0.0,0.13240845662036121,0.14,0.06,0.0,0.0,0.0
1365,0.029930785670136,0.0,0.029930785670136,0.0,0.0,0.0,0.0,0.13240845662036121,0.14,0.06,0.0,0.0,0.0
1366,0.0381536954296875,0.0,0.0381536954296875,0.0,0.0,0.0,0.0,0.13240845662036121,0.14,0.06,0.0,0.0,0.0
1367,0.0293949176941895,0.0,0.0293949176941895,0.0,0.0,0.0,0.0,0.13240845662036121,0.14,0.06,0.0,0.0,0.0
1368,0.030500602396995,0.0,0.030500602396995,0.0,0.0,0.0,0.0,0.13240845662036121,0.14,0.06,0.0,0.0,0.0
1369,0.03772907489903975,0.0,0.03772907489903975,0.0,0.0,0.0,0.0,0.13240845662036121,0.14,0.06,0.0,0.0,0.0
1370,0.029243454036271,0.0,0.029243454036271,0.0,0.0,0.0,0.0,0.13240845662036121,0.14,0.06,0.0,0.0,0.0
1371,0.0756780332462995,0.0,0.0756780332462995,0.0,0.0,0.0,0.0,0.13240845662036121,0.14,0.06,0.0,0.0,0.0
1372,0.08830592400890325,0.0,0.08830592400890325,0.0,0.0,0.0,0.0,0.13240845662036121,0.14,0.06,0.0,0.0,0.0
1373,0.0620186227444225,0.0,0.0620186227444225,0.0,0.0,0.0,0.0,0.13240845662036121,0.14,0.06,0.0,0.0,0.0
1374,0.036048872873095,0.0,0.036048872873095,0.0,0.0,0.0,0.0,0.13240845662036121,0.14,0.06,0.0,0.0,0.0
1375,0.03155614740614475,0.0,0.03155614740614475,0.0,0.0,0.0,0.0,0.13240845662036121,0.14,0.06,0.0,0.0,0.0
1376,0.02949937538930575,0.0,0.02949937538930575,0.0,0.0,0.0,0.0,0.13240845662036121,0.14,0.06,0.0,0.0,0.0
1377,0.0371221756904145,0.012370550112268942,0.0,0.0,0.0,0.024751625578145555,0.0,0.12589487094190185,0.24,0.06,0.012370550112268942,0.0,0.0
1378,0.03770609420611425,0.022320775202572245,0.0,0.0,0.0,0.015385319003542008,0.0,0.121846102783075,0.24,0.06,0.022320775202572245,0.0,0.0
1379,0.04278221590028875,0.03576702532460371,0.0,0.0,0.0,0.007015190575685039,0.0,0.12,0.24,0.06,0.03576702532460371,0.0,0.0
1380,0.0468550214328715,0.05136467546616017,0.0,-0.0,0.004509654033288672,0.0,0.0,0.12107104283290605,0.24,0.06,0.0468550214328715,0.004509654033288672,-0.0
1381,0.03997857136336825,0.06212167556378534,0.0,-0.0,0.022143104200416985,0.0,0.0,0.12633003008050508,0.24,0.06,0.03997857136336825,0.022143104200416985,-0.0
1382,0.0665463415392365,0.07825717571022318,0.0,-0.0,0.011710834170986617,0.0,0.0,0.12911135319611441,0.24,0.06,0.0665463415392365,0.011710834170986617,-0.0
1383,0.17843411250910976,0.09035880082005146,0.0880753116890583,0.0,0.0,0.0,0.0,0.12911135319611441,0.24,0.06,0.09035880082005146,0.0,0.0
1384,0.17958366944386425,0.093585900849339,0.08599776859452525,0.0,0.0,0.0,0.0,0.12911135319611441,0.24,0.06,0.093585900849339,0.0,0.0
1385,0.20720280632107724,0.09277912584201709,0.11442368047906015,0.0,0.0,0.0,0.0,0.12911135319611441,0.24,0.06,0.09277912584201709,0.0,0.0
1386,0.23354442558701874,0.14387487630573673,0.05504640713604722,0.0,0.0,0.03462314214523479,0.0,0.12,0.24,0.06,0.14387487630573673,0.0,0.0
1387,0.20121529123701376,0.22616592705256905,0.0,-0.0,0.02495063581555529,0.0,0.0,0.12592577600619437,0.24,0.06,0.20121529123701376,0.02495063581555529,-0.0
1388,0.140802183266528,0.2734967274821204,0.0,-0.0,0.1326945442155924,0.0,0.0,0.15744073025739758,0.24,0.06,0.140802183266528,0.1326945442155924,-0.0
1389,0.124890142569469,0.33050882799953346,0.0,-0.0,0.20561868543006445,0.0,0.0,0.20627516804703788,0.24,0.06,0.124890142569469,0.20561868543006445,-0.0
1390,0.19077474461014424,0.4340449539391758,0.0,-0.0,0.24327020932903154,0.0,0.0,0.2640518427626829,0.24,0.06,0.19077474461014424,0.24327020932903154,-0.0
1391,0.3110734491907775,0.45959282917103533,0.0,-0.0,0.14851937998025777,0.0,0.0,0.29932519550799414,0.24,0.06,0.3110734491907775,0.14851937998025777,-0.0
1392,0.4202881477426275,0.48379607939069197,0.0,-0.0,0.06350793164806445,0.0,0.0,0.3144083292744094,0.24,0.06,0.4202881477426275,0.06350793164806445,-0.0
1393,0.403992225016015,0.45555895413442604,0.0,-0.0,0.05156672911841098,0.0,0.0,0.326655427440032,0.24,0.06,0.403992225016015,0.05156672911841098,-0.0
1394,0.28314877355535,0.49858695452492663,0.0,-0.0,0.21543818096957662,0.0,0.0,0.3778219954203065,0.24,0.06,0.28314877355535,0.21543818096957662,-0.0
1395,0.20145919995511025,0.5284376297958364,0.0,-0.0,0.3269784298407261,0.0,0.0,0.45547937250747894,0.24,0.06,0.20145919995511025,0.3269784298407261,-0.0
1396,0.19015008759334875,0.5405392549056641,0.0,-0.0,0.3503891673123154,0.0,0.0,0.5386967997441539,0.24,0.06,0.19015008759334875,0.3503891673123154,-0.0
1397,0.13973410333396424,0.5313958048226837,0.0,-0.0,0.39166170148871937,0.0,0.0,0.6317164538477247,0.24,0.06,0.13973410333396424,0.39166170148871937,-0.0
1398,0.2060751855022975,0.3937062035730813,0.0,-0.0,0.18763101807078378,0.0,0.0,0.6762788206395358,0.24,0.06,0.2060751855022975,0.18763101807078378,-0.0
1399,0.186787072099081,0.3297020529922114,0.0,-0.0,0.1429149808931304,0.0,0.0,0.7102211286016543,0.24,0.06,0.186787072099081,0.1429149808931304,-0.0
1400,0.1465431781901175,0.24606637723317587,0.0,-0.0,0.09952319904305829,0.0,0.0,0.7338578883743807,0.24,0.06,0.1465431781901175,0.09952319904305829,-0.0
1401,0.1433363269500485,0.22616592705256905,0.0,-0.0,0.08282960010252055,0.0,0.0,0.7535299183987293,0.24,0.06,0.1433363269500485,0.08282960010252055,-0.0
1402,0.11522728348274,0.22697270205989112,0.0,-0.0,0.11174541857715112,0.0,0.0,0.7800694553108026,0.24,0.06,0.11522728348274,0.11174541857715112,-0.0
1403,0.087454593793706,0.26435327739913855,0.0,-0.0,0.17689868360543248,0.0,0.0,0.8220828926670929,0.24,0.06,0.087454593793706,0.17689868360543248,-0.0
1404,0.12248448185094175,0.21756032697446928,0.0,-0.0,0.09507584512352753,0.0,0.0,0.8446634058839306,0.24,0.06,0.12248448185094175,0.09507584512352753,-0.0
1405,0.3205874560619675,0.21083720191345334,0.0,0.0,0.0,0.10975025414851414,0.0,0.8157817600553743,0.24,0.06,0.21083720191345334,0.0,0.0
1406,0.285538243331135,0.18528932668159354,0.0,0.0,0.0,0.10024891664954144,0.0,0.7894004662002319,0.24,0.06,0.18528932668159354,0.0,0.0
1407,0.160029711206577,0.15920360144485246,0.0,0.0,0.0,0.0008261097617245361,0.0,0.7891830688945148,0.24,0.06,0.15920360144485246,0.0,0.0
1408,0.152245001478038,0.13473142622275527,0.0,0.0,0.0,0.017513575255282715,0.0,0.7845742333010194,0.24,0.06,0.13473142622275527,0.0,0.0
1409,0.2103809316949895,0.12666367614953644,0.0,0.0,0.0,0.08371725554545306,0.0,0.7625433765785318,0.24,0.06,0.12666367614953644,0.0,0.0
1410,0.340286610495465,0.07637470069313872,0.26391190980232626,0.0,0.0,0.0,0.0,0.7625433765785318,0.24,0.06,0.07637470069313873,0.0,0.0
1411,0.11183240839146175,0.05432285049300714,0.0,0.0,0.0,0.057509557898454605,0.0,0.7474092823947279,0.24,0.06,0.05432285049300714,0.0,0.0
1412,0.1064967093249235,0.04679295042466949,0.05970375890025401,0.0,0.0,0.0,0.0,0.7474092823947279,0.24,0.06,0.04679295042466949,0.0,0.0
1413,0.1712897284516335,0.02474110022453787,0.0,0.0,0.0,0.14654862822709563,0.0,0.7088438539139132,0.24,0.06,0.024741100224537876,0.0,0.0
1414,0.161444068398451,0.009950225090303284,0.0,0.0,0.0,0.15149384330814772,0.0,0.6689770530433481,0.24,0.06,0.009950225090303272,0.0,0.0
1415,0.2156931277801265,0.0,0.2156931277801265,0.0,0.0,0.0,0.0,0.6689770530433481,0.24,0.06,0.0,0.0,0.0
1416,0.21478225667871276,0.0,0.21478225667871276,0.0,0.0,0.0,0.0,0.6689770530433481,0.24,0.06,0.0,0.0,0.0
1417,0.43319859657052,0.0,0.43319859657052,0.0,0.0,0.0,0.0,0.6689770530433481,0.24,0.06,0.0,0.0,0.0
1418,0.426882562035315,0.0,0.426882562035315,0.0,0.0,0.0,0.0,0.6689770530433481,0.24,0.06,0.0,0.0,0.0
1419,0.2870826503534275,0.0,0.2870826503534275,0.0,0.0,0.0,0.0,0.668977053043348,0.24,0.06,0.0,0.0,0.0
1420,0.252104468855275,0.0,0.252104468855275,0.0,0.0,0.0,0.0,0.668977053043348,0.24,0.06,0.0,0.0,0.0
1421,0.28442420201272,0.0,0.28442420201272,0.0,0.0,0.0,0.0,0.668977053043348,0.24,0.06,0.0,0.0,0.0
1422,0.2989150957677225,0.0,0.2989150957677225,0.0,0.0,0.0,0.0,0.668977053043348,0.24,0.06,0.0,0.0,0.0
1423,0.3024468104396025,0.0,0.3024468104396025,0.0,0.0,0.0,0.0,0.668977053043348,0.24,0.06,0.0,0.0,0.0
1424,0.277365995553715,0.0,0.277365995553715,0.0,0.0,0.0,0.0,0.668977053043348,0.24,0.06,0.0,0.0,0.0
1425,0.19511078353441974,0.0,0.19511078353441974,0.0,0.0,0.0,0.0,0.668977053043348,0.24,0.06,0.0,0.0,0.0
1426,0.20625119671856826,0.0,0.20625119671856826,0.0,0.0,0.0,0.0,0.668977053043348,0.24,0.06,0.0,0.0,0.0
1427,0.22781909931769675,0.0,0.22781909931769675,0.0,0.0,0.0,0.0,0.668977053043348,0.24,0.06,0.0,0.0,0.0
1428,0.416410155811435,0.0,0.416410155811435,0.0,0.0,0.0,0.0,0.668977053043348,0.24,0.06,0.0,0.0,0.0
1429,0.39918926019457,0.0,0.39918926019457,0.0,0.0,0.0,0.0,0.668977053043348,0.24,0.06,0.0,0.0,0.0
1430,0.34244313961114,0.0,0.18658583819878308,0.0,0.0,0.1558573014123569,0.0,0.6279619737243067,0.24,0.06,0.0,0.0,0.0
1431,0.2882510096733025,0.0,0.0,0.0,0.0,0.2882510096733025,0.0,0.5521064448629114,0.24,0.06,0.0,0.0,0.0
1432,0.22908669344793275,0.0,0.0,0.0,0.0,0.22908669344793275,0.0,0.4918204729029291,0.24,0.06,0.0,0.0,0.0
1433,0.219728850830943,0.0,0.219728850830943,0.0,0.0,0.0,0.0,0.4918204729029291,0.14,0.06,0.0,0.0,0.0
1434,0.4385196715597425,0.0,0.4385196715597425,0.0,0.0,0.0,0.0,0.4918204729029291,0.14,0.06,0.0,0.0,0.0
1435,0.5716562268701625,0.0,0.5716562268701625,0.0,0.0,0.0,0.0,0.4918204729029291,0.14,0.06,0.0,0.0,0.0
1436,0.3928512895433925,0.0,0.3928512895433925,0.0,0.0,0.0,0.0,0.4918204729029291,0.14,0.06,0.0,0.0,0.0
1437,0.1882484352537575,0.0,0.1882484352537575,0.0,0.0,0.0,0.0,0.4918204729029291,0.14,0.06,0.0,0.0,0.0
1438,0.152225154515966,0.0,0.152225154515966,0.0,0.0,0.0,0.0,0.4918204729029291,0.14,0.06,0.0,0.0,0.0
1439,0.098245073699215,0.0,0.098245073699215,0.0,0.0,0.0,0.0,0.4918204729029291,0.14,0.06,0.0,0.0,0.0
1440,0.08539103202668424,0.0,0.08539103202668424,0.0,0.0,0.0,0.0,0.4918204729029291,0.14,0.06,0.0,0.0,0.0
1441,0.03554381991720775,0.0,0.03554381991720775,0.0,0.0,0.0,0.0,0.4918204729029291,0.14,0.06,0.0,0.0,0.0
1442,0.022352902177927226,0.0,0.022352902177927226,0.0,0.0,0.0,0.0,0.4918204729029291,0.14,0.06,0.0,0.0,0.0
1443,0.023159315584224724,0.0,0.023159315584224724,0.0,0.0,0.0,0.0,0.4918204729029291,0.14,0.06,0.0,0.0,0.0
1444,0.02788863773061325,0.0,0.02788863773061325,0.0,0.0,0.0,0.0,0.4918204729029291,0.14,0.06,0.0,0.0,0.0
1445,0.02060428036168115,0.0,0.02060428036168115,0.0,0.0,0.0,0.0,0.4918204729029291,0.14,0.06,0.0,0.0,0.0
1446,0.0748757981478065,0.0,0.0748757981478065,0.0,0.0,0.0,0.0,0.4918204729029291,0.14,0.06,0.0,0.0,0.0
1447,0.07248685066049775,0.0,0.07248685066049775,0.0,0.0,0.0,0.0,0.4918204729029291,0.14,0.06,0.0,0.0,0.0
1448,0.07146473211378525,0.0,0.07146473211378525,0.0,0.0,0.0,0.0,0.4918204729029291,0.14,0.06,0.0,0.0,0.0
1449,0.03432845463453025,0.0,0.03432845463453025,0.0,0.0,0.0,0.0,0.4918204729029291,0.14,0.06,0.0,0.0,0.0
1450,0.019687664087036,0.0,0.019687664087036,0.0,0.0,0.0,0.0,0.4918204729029291,0.14,0.06,0.0,0.0,0.0
1451,0.02734598000448425,0.0,0.02734598000448425,0.0,0.0,0.0,0.0,0.4918204729029291,0.14,0.06,0.0,0.0,0.0
1452,0.024412285637144177,0.0,0.024412285637144177,0.0,0.0,0.0,0.0,0.4918204729029291,0.14,0.06,0.0,0.0,0.0
1453,0.0199529866326313,0.0,0.0199529866326313,0.0,0.0,0.0,0.0,0.4918204729029291,0.14,0.06,0.0,0.0,0.0
1454,0.0303940555479765,0.0,0.0303940555479765,0.0,0.0,0.0,0.0,0.4918204729029291,0.14,0.06,0.0,0.0,0.0
1455,0.02039223124059515,0.0,0.02039223124059515,0.0,0.0,0.0,0.0,0.4918204729029291,0.14,0.06,0.0,0.0,0.0
1456,0.0361402733563215,0.0,0.0361402733563215,0.0,0.0,0.0,0.0,0.4918204729029291,0.14,0.06,0.0,0.0,0.0
1457,0.07632932697534925,0.0,0.07632932697534925,0.0,0.0,0.0,0.0,0.4918204729029291,0.14,0.06,0.0,0.0,0.0
1458,0.06886112406301274,0.0,0.06886112406301274,0.0,0.0,0.0,0.0,0.4918204729029291,0.14,0.06,0.0,0.0,0.0
1459,0.03925102351688375,0.0,0.03925102351688375,0.0,0.0,0.0,0.0,0.4918204729029291,0.14,0.06,0.0,0.0,0.0
1460,0.020491466050955576,0.0,0.020491466050955576,0.0,0.0,0.0,0.0,0.4918204729029291,0.14,0.06,0.0,0.0,0.0
1461,0.02192880393575525,0.0,0.02192880393575525,0.0,0.0,0.0,0.0,0.4918204729029291,0.14,0.06,0.0,0.0,0.0
1462,0.02829393358766425,0.0,0.02829393358766425,0.0,0.0,0.0,0.0,0.4918204729029291,0.14,0.06,0.0,0.0,0.0
1463,0.019342431404676775,0.0,0.019342431404676775,0.0,0.0,0.0,0.0,0.4918204729029291,0.14,0.06,0.0,0.0,0.0
1464,0.0261718755113775,0.0,0.0261718755113775,0.0,0.0,0.0,0.0,0.4918204729029291,0.14,0.06,0.0,0.0,0.0
1465,0.02414852995697565,0.0,0.02414852995697565,0.0,0.0,0.0,0.0,0.4918204729029291,0.14,0.06,0.0,0.0,0.0
1466,0.019905980669828974,0.0,0.019905980669828974,0.0,0.0,0.0,0.0,0.4918204729029291,0.14,0.06,0.0,0.0,0.0
1467,0.07259653124037,0.0,0.07259653124037,0.0,0.0,0.0,0.0,0.4918204729029291,0.14,0.06,0.0,0.0,0.0
1468,0.0694001257698125,0.0,0.0694001257698125,0.0,0.0,0.0,0.0,0.4918204729029291,0.14,0.06,0.0,0.0,0.0
1469,0.070694356612303,0.0,0.070694356612303,0.0,0.0,0.0,0.0,0.4918204729029291,0.14,0.06,0.0,0.0,0.0
1470,0.0643172143254555,0.0,0.0643172143254555,0.0,0.0,0.0,0.0,0.4918204729029291,0.14,0.06,0.0,0.0,0.0
1471,0.03280859517058875,0.0,0.03280859517058875,0.0,0.0,0.0,0.0,0.4918204729029291,0.14,0.06,0.0,0.0,0.0
1472,0.21080764137953925,0.0,0.21080764137953925,0.0,0.0,0.0,0.0,0.4918204729029291,0.14,0.06,0.0,0.0,0.0
1473,0.29664105174504,0.0,0.0,0.0,0.0,0.29664105174504,0.0,0.4137570382331817,0.24,0.06,0.0,0.0,0.0
1474,0.21063058558631725,0.0,0.0,0.0,0.0,0.21063058558631725,0.0,0.3583279367630982,0.24,0.06,0.0,0.0,0.0
1475,0.16964608661897926,0.01586657514399712,0.15377951147498214,0.0,0.0,0.0,0.0,0.3583279367630982,0.24,0.06,0.015866575143997114,0.0,0.0
1476,0.140451727699413,0.025816800234300417,0.0,0.0,0.0,0.11463492746511258,0.0,0.3281608505880686,0.24,0.06,0.025816800234300413,0.0,0.0
1477,0.15602741461819775,0.01640442514887838,0.0,0.0,0.0,0.13962298946931936,0.0,0.29141795862245823,0.24,0.06,0.016404425148878382,0.0,0.0
1478,0.1560838217735605,0.013715175124472095,0.1423686466490884,0.0,0.0,0.0,0.0,0.29141795862245823,0.24,0.06,0.013715175124472095,0.0,0.0
1479,0.270641531430605,0.01909367517328466,0.0,0.0,0.0,0.25154785625732035,0.0,0.22522115434421602,0.24,0.06,0.01909367517328464,0.0,0.0
1480,0.309865918235235,0.04249015038561946,0.0,0.0,0.0,0.2673757678496156,0.0,0.15485911017326456,0.24,0.06,0.04249015038561943,0.0,0.0
1481,0.09442923409661826,0.08121535073707004,0.01321388335954822,0.0,0.0,0.0,0.0,0.15485911017326456,0.24,0.06,0.08121535073707004,0.0,0.0
1482,0.19187207269734025,0.10757000097625172,0.0,0.0,0.0,0.08430207172108853,0.0,0.13267435445718864,0.24,0.06,0.10757000097625172,0.0,0.0
1483,0.22242594851884476,0.1742634015815279,0.0,0.0,0.0,0.048162546937316864,0.0,0.12,0.24,0.06,0.1742634015815279,0.0,0.0
1484,0.15294852405464626,0.19523955177189695,0.0,-0.0,0.042291027717250684,0.0,0.0,0.13004411908284702,0.24,0.06,0.15294852405464626,0.042291027717250684,-0.0
1485,0.05793432686537675,0.25305842729663197,0.0,-0.0,0.19512410043125517,0.0,0.0,0.17638609293527013,0.24,0.06,0.05793432686537675,0.19512410043125517,-0.0
1486,0.03903636295341975,0.26435327739913855,0.0,-0.0,0.22531691444571877,0.0,0.0,0.22989886011612834,0.24,0.06,0.03903636295341975,0.22531691444571877,-0.0
1487,0.06213300392057475,0.3375008780629896,0.0,-0.0,0.2753678741424148,0.0,0.0,0.29529873022495184,0.24,0.06,0.06213300392057475,0.2753678741424148,-0.0
1488,0.0942542674572985,0.351216053187462,0.0,-0.0,0.25696178573016354,0.0,0.0,0.3563271543358657,0.24,0.06,0.0942542674572985,0.25696178573016354,-0.0
1489,0.12078077684359576,0.27537920249920467,0.0,-0.0,0.1545984256556089,0.0,0.0,0.3930442804290728,0.24,0.06,0.12078077684359576,0.1545984256556089,-0.0
1490,0.2294261809570605,0.26300865238693555,0.0,-0.0,0.033582471429875055,0.0,0.0,0.4010201173936681,0.24,0.06,0.2294261809570605,0.033582471429875055,-0.0
1491,0.19888484005897,0.28640512759927006,0.0,-0.0,0.08752028754030006,0.0,0.0,0.42180618568448935,0.24,0.06,0.19888484005897,0.08752028754030006,-0.0
1492,0.1379102719772345,0.22159420201107877,0.0,-0.0,0.08368393003384428,0.0,0.0,0.4416811190675274,0.24,0.06,0.1379102719772345,0.08368393003384428,-0.0
1493,0.2660302464796975,0.12505012613489266,0.0,0.0,0.0,0.1409801203448048,0.0,0.40458108739784193,0.24,0.06,0.12505012613489266,0.0,0.0
1494,0.1104206626419655,0.09277912584201709,0.0,0.0,0.0,0.017641536799948412,0.0,0.399938577713645,0.24,0.06,0.09277912584201709,0.0,0.0
1495,0.04571643255610425,0.08982095081517016,0.0,-0.0,0.044104518259065806,0.0,0.0,0.41041340080017313,0.24,0.06,0.04571643255610425,0.044104518259065806,-0.0
1496,0.0345551278329325,0.09735085088350781,0.0,-0.0,0.06279572305057532,0.0,0.0,0.42532738502468476,0.24,0.06,0.0345551278329325,0.06279572305057532,-0.0
1497,0.03854123347856875,0.10353612593964229,0.0,-0.0,0.06499489246107348,0.0,0.0,0.4407636719841897,0.24,0.06,0.03854123347856875,0.06499489246107348,-0.0
1498,0.202367459614146,0.0793328757199856,0.0,0.0,0.0,0.12303458389416042,0.0,0.408386149906779,0.24,0.06,0.0793328757199856,0.0,0.0
1499,0.35699461882931,0.0750300756809356,0.0,0.0,0.0,0.2819645431483744,0.0,0.3341849543414174,0.24,0.06,0.07503007568093562,0.0,0.0
1500,0.4092584597153025,0.12612582614465506,0.0,0.0,0.0,0.28313263357064744,0.0,0.2596763665596681,0.24,0.06,0.12612582614465506,0.0,0.0
1501,0.13176815950439874,0.13338680121055208,0.0,-0.0,0.0016186417061532232,0.0,0.0,0.26006079396487947,0.24,0.06,0.13176815950439874,0.0016186417061532232,-0.0
1502,0.0685383497851035,0.11160387601286115,0.0,-0.0,0.04306552622775765,0.0,0.0,0.27028885644397194,0.24,0.06,0.0685383497851035,0.04306552622775765,-0.0
1503,0.07470918812409626,0.10488075095184538,0.0,-0.0,0.03017156282774902,0.0,0.0,0.2774546026155623,0.24,0.06,0.07470918812409626,0.03017156282774902,-0.0
1504,0.07358940163245,0.11563775104947058,0.0,-0.0,0.042048349417020514,0.0,0.0,0.2874410856021047,0.24,0.06,0.07358940163245,0.042048349417020514,-0.0
1505,0.05548427162642525,0.056205325510091504,0.0,-0.0,0.0007210538836661673,0.0,0.0,0.2876123358994754,0.24,0.06,0.05548427162642525,0.0007210538836661673,-0.0
1506,0.019462557754060476,0.041414450375856865,0.0,-0.0,0.02195189262179631,0.0,0.0,0.292825910397152,0.24,0.06,0.019462557754060476,0.02195189262179631,-0.0
1507,0.021714665660766925,0.022320775202572245,0.0,-0.0,0.0006061095418052886,0.0,0.0,0.29296986141333076,0.24,0.06,0.021714665660766925,0.0006061095418052886,-0.0
1508,0.0675042186034525,0.029312825266028606,0.0,0.0,0.0,0.0381913933374239,0.0,0.28291949474558764,0.24,0.06,0.029312825266028603,0.0,0.0
1509,0.24783423827892226,0.03092637528067234,0.21690786299824993,0.0,0.0,0.0,0.0,0.28291949474558764,0.24,0.06,0.030926375280672325,0.0,0.0
1510,0.2689681191548425,0.005109575046371954,0.0,0.0,0.0,0.26385854410847054,0.0,0.21348303576967434,0.24,0.06,0.005109575046371939,0.0,0.0
1511,0.19305714524843426,0.0,0.19305714524843426,0.0,0.0,0.0,0.0,0.21348303576967434,0.24,0.06,0.0,0.0,0.0
1512,0.19610365392649975,0.0,0.19610365392649975,0.0,0.0,0.0,0.0,0.2134830357696743,0.24,0.06,0.0,0.0,0.0
1513,0.16210162958920776,0.0,0.16210162958920776,0.0,0.0,0.0,0.0,0.2134830357696743,0.24,0.06,0.0,0.0,0.0
1514,0.3118939643859175,0.0,0.3118939643859175,0.0,0.0,0.0,0.0,0.2134830357696743,0.24,0.06,0.0,0.0,0.0
1515,0.335321213958115,0.0,0.335321213958115,0.0,0.0,0.0,0.0,0.2134830357696743,0.24,0.06,0.0,0.0,0.0
1516,0.41156697477737,0.0,0.41156697477737,0.0,0.0,0.0,0.0,0.2134830357696743,0.24,0.06,0.0,0.0,0.0
1517,0.296820196692165,0.0,0.296820196692165,0.0,0.0,0.0,0.0,0.2134830357696743,0.24,0.06,0.0,0.0,0.0
1518,0.207717260469525,0.0,0.207717260469525,0.0,0.0,0.0,0.0,0.2134830357696743,0.24,0.06,0.0,0.0,0.0
1519,0.183103893769282,0.0,0.183103893769282,0.0,0.0,0.0,0.0,0.2134830357696743,0.24,0.06,0.0,0.0,0.0
1520,0.17490239783722925,0.0,0.17490239783722925,0.0,0.0,0.0,0.0,0.2134830357696743,0.24,0.06,0.0,0.0,0.0
1521,0.18458771532840826,0.0,0.18458771532840826,0.0,0.0,0.0,0.0,0.2134830357696743,0.24,0.06,0.0,0.0,0.0
1522,0.16487289224064225,0.0,0.16487289224064225,0.0,0.0,0.0,0.0,0.2134830357696743,0.24,0.06,0.0,0.0,0.0
1523,0.163509719319375,0.0,0.163509719319375,0.0,0.0,0.0,0.0,0.2134830357696743,0.24,0.06,0.0,0.0,0.0
1524,0.2368040279631215,0.0,0.2368040279631215,0.0,0.0,0.0,0.0,0.2134830357696743,0.24,0.06,0.0,0.0,0.0
1525,0.3058829463204525,0.0,0.3058829463204525,0.0,0.0,0.0,0.0,0.2134830357696743,0.24,0.06,0.0,0.0,0.0
1526,0.296446760432125,0.0,0.296446760432125,0.0,0.0,0.0,0.0,0.2134830357696743,0.24,0.06,0.0,0.0,0.0
1527,0.377165922044735,0.0,0.377165922044735,0.0,0.0,0.0,0.0,0.2134830357696743,0.24,0.06,0.0,0.0,0.0
1528,0.37999254727458,0.0,0.37999254727458,0.0,0.0,0.0,0.0,0.2134830357696743,0.24,0.06,0.0,0.0,0.0
1529,0.21952515832546626,0.0,0.21952515832546626,0.0,0.0,0.0,0.0,0.2134830357696743,0.14,0.06,0.0,0.0,0.0
1530,0.13890679838864375,0.0,0.13890679838864375,0.0,0.0,0.0,0.0,0.2134830357696743,0.14,0.06,0.0,0.0,0.0
1531,0.21487835775821976,0.0,0.21487835775821976,0.0,0.0,0.0,0.0,0.2134830357696743,0.14,0.06,0.0,0.0,0.0
1532,0.294520038245705,0.0,0.294520038245705,0.0,0.0,0.0,0.0,0.2134830357696743,0.14,0.06,0.0,0.0,0.0
1533,0.1868126642343845,0.0,0.1868126642343845,0.0,0.0,0.0,0.0,0.2134830357696743,0.14,0.06,0.0,0.0,0.0
1534,0.1553714202928675,0.0,0.1553714202928675,0.0,0.0,0.0,0.0,0.2134830357696743,0.14,0.06,0.0,0.0,0.0
1535,0.16229644319059974,0.0,0.16229644319059974,0.0,0.0,0.0,0.0,0.2134830357696743,0.14,0.06,0.0,0.0,0.0
1536,0.1465280318243255,0.0,0.1465280318243255,0.0,0.0,0.0,0.0,0.2134830357696743,0.14,0.06,0.0,0.0,0.0
1537,0.07625150599248776,0.0,0.07625150599248776,0.0,0.0,0.0,0.0,0.2134830357696743,0.14,0.06,0.0,0.0,0.0
1538,0.03707308057370975,0.0,0.03707308057370975,0.0,0.0,0.0,0.0,0.2134830357696743,0.14,0.06,0.0,0.0,0.0
1539,0.0381160906594455,0.0,0.0381160906594455,0.0,0.0,0.0,0.0,0.2134830357696743,0.14,0.06,0.0,0.0,0.0
1540,0.03207686901629925,0.0,0.03207686901629925,0.0,0.0,0.0,0.0,0.2134830357696743,0.14,0.06,0.0,0.0,0.0
1541,0.05334236658806625,0.0,0.05334236658806625,0.0,0.0,0.0,0.0,0.2134830357696743,0.14,0.06,0.0,0.0,0.0
1542,0.0393497360387685,0.0,0.0393497360387685,0.0,0.0,0.0,0.0,0.2134830357696743,0.14,0.06,0.0,0.0,0.0
1543,0.0317373815071715,0.0,0.0317373815071715,0.0,0.0,0.0,0.0,0.2134830357696743,0.14,0.06,0.0,0.0,0.0
1544,0.03452535738982425,0.0,0.03452535738982425,0.0,0.0,0.0,0.0,0.2134830357696743,0.14,0.06,0.0,0.0,0.0
1545,0.05299870077113375,0.0,0.05299870077113375,0.0,0.0,0.0,0.0,0.2134830357696743,0.14,0.06,0.0,0.0,0.0
1546,0.04302090173362925,0.0,0.04302090173362925,0.0,0.0,0.0,0.0,0.2134830357696743,0.14,0.06,0.0,0.0,0.0
1547,0.03350950630481875,0.0,0.03350950630481875,0.0,0.0,0.0,0.0,0.2134830357696743,0.14,0.06,0.0,0.0,0.0
1548,0.04023083669707425,0.0,0.04023083669707425,0.0,0.0,0.0,0.0,0.2134830357696743,0.14,0.06,0.0,0.0,0.0
1549,0.028964029701835,0.0,0.028964029701835,0.0,0.0,0.0,0.0,0.2134830357696743,0.14,0.06,0.0,0.0,0.0
1550,0.03889116675720825,0.0,0.03889116675720825,0.0,0.0,0.0,0.0,0.2134830357696743,0.14,0.06,0.0,0.0,0.0
1551,0.044979483517059,0.0,0.044979483517059,0.0,0.0,0.0,0.0,0.2134830357696743,0.14,0.06,0.0,0.0,0.0
1552,0.02951817777442675,0.0,0.02951817777442675,0.0,0.0,0.0,0.0,0.2134830357696743,0.14,0.06,0.0,0.0,0.0
1553,0.0296931444137465,0.0,0.0296931444137465,0.0,0.0,0.0,0.0,0.2134830357696743,0.14,0.06,0.0,0.0,0.0
1554,0.0462674468978425,0.0,0.0462674468978425,0.0,0.0,0.0,0.0,0.2134830357696743,0.14,0.06,0.0,0.0,0.0
1555,0.03884363850593025,0.0,0.03884363850593025,0.0,0.0,0.0,0.0,0.2134830357696743,0.14,0.06,0.0,0.0,0.0
1556,0.0291081813210955,0.0,0.0291081813210955,0.0,0.0,0.0,0.0,0.2134830357696743,0.14,0.06,0.0,0.0,0.0
1557,0.03744286081442125,0.0,0.03744286081442125,0.0,0.0,0.0,0.0,0.2134830357696743,0.14,0.06,0.0,0.0,0.0
1558,0.031971366744232,0.0,0.031971366744232,0.0,0.0,0.0,0.0,0.2134830357696743,0.14,0.06,0.0,0.0,0.0
1559,0.0438252259860245,0.0,0.0438252259860245,0.0,0.0,0.0,0.0,0.2134830357696743,0.14,0.06,0.0,0.0,0.0
1560,0.03731333327247725,0.0,0.03731333327247725,0.0,0.0,0.0,0.0,0.2134830357696743,0.14,0.06,0.0,0.0,0.0
1561,0.0332353048551385,0.0,0.0332353048551385,0.0,0.0,0.0,0.0,0.2134830357696743,0.14,0.06,0.0,0.0,0.0
1562,0.0288872532959245,0.0,0.0288872532959245,0.0,0.0,0.0,0.0,0.2134830357696743,0.14,0.06,0.0,0.0,0.0
1563,0.03440523104044075,0.0,0.03440523104044075,0.0,0.0,0.0,0.0,0.2134830357696743,0.14,0.06,0.0,0.0,0.0
1564,0.04882457127428825,0.0,0.04882457127428825,0.0,0.0,0.0,0.0,0.2134830357696743,0.14,0.06,0.0,0.0,0.0
1565,0.0292053269775535,0.0,0.0292053269775535,0.0,0.0,0.0,0.0,0.2134830357696743,0.14,0.06,0.0,0.0,0.0
1566,0.041483284461518,0.0,0.041483284461518,0.0,0.0,0.0,0.0,0.2134830357696743,0.14,0.06,0.0,0.0,0.0
1567,0.06536335814204475,0.0,0.06536335814204475,0.0,0.0,0.0,0.0,0.2134830357696743,0.14,0.06,0.0,0.0,0.0
1568,0.246549930917468,0.0,0.246549930917468,0.0,0.0,0.0,0.0,0.2134830357696743,0.14,0.06,0.0,0.0,0.0
1569,0.4928225266544025,0.014253025129353352,0.21595854479453397,0.0,0.0,0.2626109567305152,0.0,0.144374889261644,0.24,0.06,0.014253025129353336,0.0,0.0
1570,0.2859132464566025,0.025010025226978577,0.2609032212296239,0.0,0.0,0.0,0.0,0.144374889261644,0.24,0.06,0.025010025226978594,0.0,0.0
1571,0.1564306213213465,0.034691325314841155,0.12173929600650535,0.0,0.0,0.0,0.0,0.144374889261644,0.24,0.06,0.03469132531484115,0.0,0.0
1572,0.13645935459206976,0.043834775397822594,0.0,0.0,0.0,0.09262457919424716,0.0,0.12,0.24,0.06,0.0438347753978226,0.0,0.0
1573,0.15053032841270475,0.05082682546127891,0.09970350295142584,0.0,0.0,0.0,0.0,0.12,0.24,0.06,0.05082682546127891,0.0,0.0
1574,0.10087845219309576,0.056205325510091504,0.04467312668300425,0.0,0.0,0.0,0.0,0.12,0.24,0.06,0.056205325510091504,0.0,0.0
1575,0.05614914485584,0.060508125549141596,0.0,-0.0,0.00435898069330154,0.0,0.0,0.1210352579146591,0.24,0.06,0.05614914485584,0.00435898069330154,-0.0
1576,0.04545998891459375,0.06481092558819165,0.0,-0.0,0.019350936673597906,0.0,0.0,0.12563110537463862,0.24,0.06,0.04545998891459375,0.019350936673597906,-0.0
1577,0.0587678992724045,0.07825717571022318,0.0,-0.0,0.019489276437818684,0.0,0.0,0.13025980852862057,0.24,0.06,0.0587678992724045,0.019489276437818684,-0.0
1578,0.175179733017763,0.1427991762959742,0.0,0.0,0.0,0.0323805567217888,0.0,0.12173860939130773,0.24,0.06,0.1427991762959742,0.0,0.0
1579,0.14595038077033276,0.2256280770476879,0.0,-0.0,0.0796776962773551,0.0,0.0,0.14066206225717956,0.24,0.06,0.14595038077033276,0.0796776962773551,-0.0
1580,0.06230013623276075,0.29501072767737,0.0,-0.0,0.23271059144460926,0.0,0.0,0.19593082772527426,0.24,0.06,0.06230013623276075,0.23271059144460926,-0.0
1581,0.03885356198696625,0.3799910284486092,0.0,-0.0,0.3411374664616429,0.0,0.0,0.2769509760099145,0.24,0.06,0.03885356198696625,0.3411374664616429,-0.0
1582,0.0619512475310725,0.447491204061207,0.0,-0.0,0.3855399565301345,0.0,0.0,0.3685167156858214,0.24,0.06,0.0619512475310725,0.3855399565301345,-0.0
1583,0.114918088705196,0.4762661793223546,0.0,-0.0,0.3613480906171586,0.0,0.0,0.45433688720739657,0.24,0.06,0.114918088705196,0.3613480906171586,-0.0
1584,0.28671025867034,0.5050411545835014,0.0,-0.0,0.21833089591316135,0.0,0.0,0.5061904749867724,0.24,0.06,0.28671025867034,0.21833089591316135,-0.0
1585,0.176844788677916,0.4867542544175391,0.0,-0.0,0.3099094657396231,0.0,0.0,0.5797939730999329,0.24,0.06,0.176844788677916,0.3099094657396231,-0.0
1586,0.0991575116660555,0.48782995442730165,0.0,-0.0,0.388672442761246,0.0,0.0,0.6721036782557288,0.24,0.06,0.0991575116660555,0.388672442761246,-0.0
1587,0.12756843787224975,0.5408081799081058,0.0,-0.0,0.413239742035856,0.0,0.0,0.7702481169892446,0.24,0.06,0.12756843787224975,0.413239742035856,-0.0
1588,0.04730993469510275,0.5781887552473532,0.0,-0.0,0.5308788205522506,0.0,0.0,0.8963318368704041,0.24,0.06,0.04730993469510275,0.5308788205522506,-0.0
1589,0.03480478172426025,0.610728680542669,0.0,0.0,0.5759238988184088,0.0,0.0,1.0331137628397762,0.24,0.06,0.03480478172426025,0.5759238988184088,0.0
1590,0.0832616619117395,0.48245145437848874,0.0,-0.0,0.39918979246674924,0.0,0.0,1.127921338550629,0.24,0.06,0.0832616619117395,0.39918979246674924,-0.0
1591,0.03727155019443075,0.36493122831193403,0.0,-0.0,0.3276596781175032,0.0,0.0,1.205740512103536,0.24,0.06,0.03727155019443075,0.3276596781175032,-0.0
1592,0.0965868077892445,0.2858672775943891,0.0,-0.0,0.18928046980514462,0.0,0.0,1.2506946236822578,0.24,0.06,0.0965868077892445,0.18928046980514462,-0.0
1593,0.1955724865468335,0.255209827316157,0.0,-0.0,0.059637340769323366,0.0,0.0,1.2648584921149721,0.24,0.06,0.1955724865468335,0.059637340769323366,-0.0
1594,0.24189842975394124,0.23907432716971944,0.0,0.0,0.0,0.002824102584221805,0.0,1.2641153072243874,0.24,0.06,0.23907432716971944,0.0,0.0
1595,0.2937945795531225,0.24499067722341325,0.0,0.0,0.0,0.04880390232970924,0.0,1.2512721750323588,0.24,0.06,0.24499067722341325,0.0,0.0
1596,0.19848790081752826,0.2525205772917512,0.0,-0.0,0.05403267647422294,0.0,0.0,1.2641049356949867,0.24,0.06,0.19848790081752826,0.05403267647422294,-0.0
1597,0.034533191716958,0.20814795188904683,0.0,-0.0,0.17361476017208877,0.0,0.0,1.3053384412358577,0.24,0.06,0.034533191716958,0.17361476017208877,-0.0
1598,0.0388509505445885,0.1643131764912246,0.0,-0.0,0.12546222594663603,0.0,0.0,1.3351357198981837,0.24,0.06,0.0388509505445885,0.12546222594663603,-0.0
1599,0.034905061111572,0.13553820123007718,0.0,-0.0,0.10063314011850517,0.0,0.0,1.3590360906763286,0.24,0.06,0.034905061111572,0.10063314011850517,-0.0
1600,0.0,0.09385482585177966,0.0,0.0,0.09385482585177966,0.0,0.0,1.3813266118161263,0.24,0.06,0.0,0.09385482585177966,0.0
1601,0.03245552816109575,0.07960180072242624,0.0,-0.0,0.04714627256133049,0.0,0.0,1.3925238515494422,0.24,0.06,0.03245552816109575,0.04714627256133049,-0.0
1602,0.04563913386171825,0.07126512564676675,0.0,-0.0,0.0256259917850485,0.0,0.0,1.3986100245983912,0.24,0.06,0.04563913386171825,0.0256259917850485,-0.0
1603,0.04083251302094375,0.0613149005564635,0.0,-0.0,0.02048238753551975,0.0,0.0,1.403474591638077,0.24,0.06,0.04083251302094375,0.02048238753551975,-0.0
1604,0.1786576519766585,0.04679295042466949,0.0,0.0,0.0,0.131864701551989,0.0,1.3687733543875538,0.24,0.06,0.046792950424669494,0.0,0.0
1605,0.23137588383640526,0.025547875231859783,0.20582800860454548,0.0,0.0,0.0,0.0,1.3687733543875538,0.24,0.06,0.02554787523185978,0.0,0.0
1606,0.19285763105076226,0.012101625109828316,0.18075600594093394,0.0,0.0,0.0,0.0,1.3687733543875535,0.24,0.06,0.012101625109828318,0.0,0.0
1607,0.23482664379457074,0.0013446250122031464,0.2334820187823676,0.0,0.0,0.0,0.0,1.3687733543875535,0.24,0.06,0.0013446250122031433,0.0,0.0
1608,0.3076764849455975,0.0,0.0,0.0,0.0,0.3076764849455975,0.0,1.2878058583492384,0.24,0.06,0.0,0.0,0.0
1609,0.3872716817587575,0.0,0.0,0.0,0.0,0.3872716817587575,0.0,1.1858922578864075,0.24,0.06,0.0,0.0,0.0
1610,0.27193889600395,0.0,0.0,0.0,0.0,0.27193889600395,0.0,1.114329390516947,0.24,0.06,0.0,0.0,0.0
1611,0.2020697551830645,0.0,0.0,0.0,0.0,0.2020697551830645,0.0,1.0611531391529825,0.24,0.06,0.0,0.0,0.0
1612,0.142826573397881,0.0,0.0,0.0,0.0,0.142826573397881,0.0,1.0235671987851194,0.24,0.06,0.0,0.0,0.0
1613,0.1363136361073825,0.0,0.0,0.0,0.0,0.1363136361073825,0.0,0.9876951892831766,0.24,0.06,0.0,0.0,0.0
1614,0.1441557975682355,0.0,0.0,0.0,0.0,0.1441557975682355,0.0,0.9497594530810093,0.24,0.06,0.0,0.0,0.0
1615,0.21161614393973924,0.0,0.0,0.0,0.0,0.21161614393973924,0.0,0.894070994149499,0.24,0.06,0.0,0.0,0.0
1616,0.2810068685169925,0.0,0.0,0.0,0.0,0.2810068685169925,0.0,0.8201218182239747,0.24,0.06,0.0,0.0,0.0
1617,0.189707186966056,0.0,2.7755575615628914e-17,0.0,0.0,0.18970718696605599,0.0,0.7701988742855388,0.24,0.06,0.0,0.0,0.0
1618,0.1046592984678285,0.0,0.0,0.0,0.0,0.1046592984678285,0.0,0.7426569536361103,0.24,0.06,0.0,0.0,0.0
1619,0.13418635514634025,0.0,0.0,0.0,0.0,0.13418635514634025,0.0,0.7073447549133892,0.24,0.06,0.0,0.0,0.0
1620,0.17913502364333975,0.0,0.0,0.0,0.0,0.17913502364333975,0.0,0.6602039592177734,0.24,0.06,0.0,0.0,0.0
1621,0.1470769570121615,0.0,0.0,0.0,0.0,0.1470769570121615,0.0,0.621499496846152,0.24,0.06,0.0,0.0,0.0
1622,0.2891253205814275,0.0,0.0,0.0,0.0,0.2891253205814275,0.0,0.545413886166829,0.24,0.06,0.0,0.0,0.0
1623,0.53391931764399,0.0,0.0,0.0,0.0,0.53391931764399,0.0,0.4049088025763053,0.24,0.06,0.0,0.0,0.0
1624,0.4048393769234075,0.0,0.0,0.0,0.0,0.4048393769234075,0.0,0.2983721244385665,0.24,0.06,0.0,0.0,0.0
1625,0.3076080651552975,0.0,0.3076080651552975,0.0,0.0,0.0,0.0,0.2983721244385665,0.14,0.06,0.0,0.0,0.0
1626,0.28975363361755,0.0,0.28975363361755,0.0,0.0,0.0,0.0,0.2983721244385665,0.14,0.06,0.0,0.0,0.0
1627,0.174956193550214,0.0,0.174956193550214,0.0,0.0,0.0,0.0,0.2983721244385665,0.14,0.06,0.0,0.0,0.0
1628,0.3401905094159575,0.0,0.3401905094159575,0.0,0.0,0.0,0.0,0.2983721244385665,0.14,0.06,0.0,0.0,0.0
1629,0.199942474222022,0.0,0.199942474222022,0.0,0.0,0.0,0.0,0.2983721244385665,0.14,0.06,0.0,0.0,0.0
1630,0.1884479494514295,0.0,0.1884479494514295,0.0,0.0,0.0,0.0,0.2983721244385665,0.14,0.06,0.0,0.0,0.0
1631,0.17843881310539,0.0,0.17843881310539,0.0,0.0,0.0,0.0,0.2983721244385665,0.14,0.06,0.0,0.0,0.0
1632,0.09580233049892126,0.0,0.09580233049892126,0.0,0.0,0.0,0.0,0.2983721244385665,0.14,0.06,0.0,0.0,0.0
1633,0.09010416323032976,0.0,0.09010416323032976,0.0,0.0,0.0,0.0,0.2983721244385665,0.14,0.06,0.0,0.0,0.0
1634,0.09209356003381874,0.0,0.09209356003381874,0.0,0.0,0.0,0.0,0.2983721244385665,0.14,0.06,0.0,0.0,0.0
1635,0.08205883155247574,0.0,0.08205883155247574,0.0,0.0,0.0,0.0,0.2983721244385665,0.14,0.06,0.0,0.0,0.0
1636,0.08295142255724425,0.0,0.08295142255724425,0.0,0.0,0.0,0.0,0.2983721244385665,0.14,0.06,0.0,0.0,0.0
1637,0.08047107458670875,0.0,0.08047107458670875,0.0,0.0,0.0,0.0,0.2983721244385665,0.14,0.06,0.0,0.0,0.0
1638,0.0868450831427025,0.0,0.0868450831427025,0.0,0.0,0.0,0.0,0.2983721244385665,0.14,0.06,0.0,0.0,0.0
1639,0.08140701553495025,0.0,0.08140701553495025,0.0,0.0,0.0,0.0,0.2983721244385665,0.14,0.06,0.0,0.0,0.0
1640,0.08047420831756225,0.0,0.08047420831756225,0.0,0.0,0.0,0.0,0.2983721244385665,0.14,0.06,0.0,0.0,0.0
1641,0.082406675677213,0.0,0.082406675677213,0.0,0.0,0.0,0.0,0.2983721244385665,0.14,0.06,0.0,0.0,0.0
1642,0.08525941533083775,0.0,0.08525941533083775,0.0,0.0,0.0,0.0,0.2983721244385665,0.14,0.06,0.0,0.0,0.0
1643,0.07463659002599025,0.0,0.07463659002599025,0.0,0.0,0.0,0.0,0.2983721244385665,0.14,0.06,0.0,0.0,0.0
1644,0.0795283438882845,0.0,0.0795283438882845,0.0,0.0,0.0,0.0,0.2983721244385665,0.14,0.06,0.0,0.0,0.0
1645,0.08890655575582175,0.0,0.08890655575582175,0.0,0.0,0.0,0.0,0.2983721244385665,0.14,0.06,0.0,0.0,0.0
1646,0.07450497333014375,0.0,0.07450497333014375,0.0,0.0,0.0,0.0,0.2983721244385665,0.14,0.06,0.0,0.0,0.0
1647,0.081616975502134,0.0,0.081616975502134,0.0,0.0,0.0,0.0,0.2983721244385665,0.14,0.06,0.0,0.0,0.0
1648,0.081732923543713,0.0,0.081732923543713,0.0,0.0,0.0,0.0,0.2983721244385665,0.14,0.06,0.0,0.0,0.0
1649,0.0825680628161675,0.0,0.0825680628161675,0.0,0.0,0.0,0.0,0.2983721244385665,0.14,0.06,0.0,0.0,0.0
1650,0.08134904151416075,0.0,0.08134904151416075,0.0,0.0,0.0,0.0,0.2983721244385665,0.14,0.06,0.0,0.0,0.0
1651,0.077124250035184,0.0,0.077124250035184,0.0,0.0,0.0,0.0,0.2983721244385665,0.14,0.06,0.0,0.0,0.0
1652,0.085574877570089,0.0,0.085574877570089,0.0,0.0,0.0,0.0,0.2983721244385665,0.14,0.06,0.0,0.0,0.0
1653,0.08250173217976875,0.0,0.08250173217976875,0.0,0.0,0.0,0.0,0.2983721244385665,0.14,0.06,0.0,0.0,0.0
1654,0.077956255576785,0.0,0.077956255576785,0.0,0.0,0.0,0.0,0.2983721244385665,0.14,0.06,0.0,0.0,0.0
1655,0.07372885265543,0.0,0.07372885265543,0.0,0.0,0.0,0.0,0.2983721244385665,0.14,0.06,0.0,0.0,0.0
1656,0.09629589310834576,0.0,0.09629589310834576,0.0,0.0,0.0,0.0,0.2983721244385665,0.14,0.06,0.0,0.0,0.0
1657,0.07938471455749975,0.0,0.07938471455749975,0.0,0.0,0.0,0.0,0.2983721244385665,0.14,0.06,0.0,0.0,0.0
1658,0.074765595279459,0.0,0.074765595279459,0.0,0.0,0.0,0.0,0.2983721244385665,0.14,0.06,0.0,0.0,0.0
1659,0.08095889202290175,0.0,0.08095889202290175,0.0,0.0,0.0,0.0,0.2983721244385665,0.14,0.06,0.0,0.0,0.0
1660,0.12275763872367075,0.0,0.12275763872367075,0.0,0.0,0.0,0.0,0.29837212443856653,0.14,0.06,0.0,0.0,0.0
1661,0.217257904052968,0.0,0.217257904052968,0.0,0.0,0.0,0.0,0.29837212443856653,0.14,0.06,0.0,0.0,0.0
1662,0.0973002538468885,0.0,0.0973002538468885,0.0,0.0,0.0,0.0,0.29837212443856653,0.14,0.06,0.0,0.0,0.0
1663,0.0931292580808965,0.0,0.0931292580808965,0.0,0.0,0.0,0.0,0.29837212443856653,0.14,0.06,0.0,0.0,0.0
1664,0.1017444064856095,0.0,0.1017444064856095,0.0,0.0,0.0,0.0,0.29837212443856653,0.14,0.06,0.0,0.0,0.0
1665,0.17691738677602176,0.0083366750756595,0.0,0.0,0.0,0.16858071170036226,0.0,0.2540087792542607,0.24,0.06,0.008336675075659494,0.0,0.0
1666,0.269074143715385,0.02043830018548782,0.0,0.0,0.0,0.2486358435298972,0.0,0.18857829411481403,0.24,0.06,0.020438300185487812,0.0,0.0
1667,0.23633971350832975,0.04813757543687264,0.12195547141613125,0.0,0.0,0.06624666665532586,0.0,0.17114496078446512,0.24,0.06,0.04813757543687264,0.0,0.0
1668,0.20609659932979624,0.06938265062968238,0.0,0.0,0.0,0.13671394870011386,0.0,0.1351676058633825,0.24,0.06,0.06938265062968238,0.0,0.0
1669,0.12459922788857025,0.06696232560771669,0.0,0.0,0.0,0.057636902280853566,0.0,0.12,0.24,0.06,0.06696232560771669,0.0,0.0
1670,0.10723679209482224,0.11483097604214869,0.0,-0.0,0.007594183947326361,0.0,0.0,0.12180361868749001,0.24,0.06,0.10723679209482224,0.007594183947326361,-0.0
1671,0.09671111244643275,0.10864570098601423,0.0,-0.0,0.011934588539581403,0.0,0.0,0.12463808346564059,0.24,0.06,0.09671111244643275,0.011934588539581403,-0.0
1672,0.099665698352796,0.11832700107387685,0.0,-0.0,0.018661302721080852,0.0,0.0,0.1290701428618973,0.24,0.06,0.099665698352796,0.018661302721080852,-0.0
1673,0.22264792112096676,0.1519426263789555,0.07070529474201126,0.0,0.0,0.0,0.0,0.1290701428618973,0.24,0.06,0.1519426263789555,0.0,0.0
1674,0.2114897501286485,0.15920360144485246,0.05228614868379605,0.0,0.0,0.0,0.0,0.1290701428618973,0.24,0.06,0.15920360144485246,0.0,0.0
1675,0.2458343957059215,0.14629520132770238,0.06507265150300935,0.0,0.0,0.03446654287520977,0.0,0.12,0.24,0.06,0.1462952013277024,0.0,0.0
1676,0.2328126994327295,0.12155410110316445,0.11125859832956506,0.0,0.0,0.0,0.0,0.12,0.24,0.06,0.12155410110316445,0.0,0.0
1677,0.2309267157474055,0.10407397594452356,0.12685273980288195,0.0,0.0,0.0,0.0,0.12,0.24,0.06,0.10407397594452356,0.0,0.0
1678,0.221371448086646,0.12827722616418016,0.09309422192246583,0.0,0.0,0.0,0.0,0.12,0.24,0.06,0.12827722616418016,0.0,0.0
1679,0.32322657972908,0.15032907636431173,0.17289750336476825,0.0,0.0,0.0,0.0,0.12,0.24,0.06,0.15032907636431173,0.0,0.0
1680,0.1598594451635375,0.1368828262422803,0.022976618921257214,0.0,0.0,0.0,0.0,0.12,0.24,0.06,0.1368828262422803,0.0,0.0
1681,0.4145795347045225,0.15759005143020863,0.2569894832743139,0.0,0.0,0.0,0.0,0.12,0.24,0.06,0.1575900514302086,0.0,0.0
1682,0.36353941571682,0.15597650141556477,0.20756291430125526,0.0,0.0,0.0,0.0,0.12,0.24,0.06,0.15597650141556477,0.0,0.0
1683,0.2650321532028625,0.21809817697935016,0.046933976223512336,0.0,0.0,0.0,0.0,0.12,0.24,0.06,0.21809817697935016,0.0,0.0
1684,0.2534853995847125,0.19470170176701562,0.05878369781769688,0.0,0.0,0.0,0.0,0.12,0.24,0.06,0.19470170176701562,0.0,0.0
1685,0.2149311088942535,0.29393502766760776,0.0,-0.0,0.07900391877335422,0.0,0.0,0.13876343070867161,0.24,0.06,0.2149311088942535,0.07900391877335422,-0.0
1686,0.233373114967028,0.22024957699887537,0.0,0.0,0.0,0.013123537968152632,0.0,0.13530986808547354,0.24,0.06,0.22024957699887537,0.0,0.0
1687,0.1527960158197765,0.22213205201595965,0.0,-0.0,0.06933603619618314,0.0,0.0,0.15177717668206703,0.24,0.06,0.1527960158197765,0.06933603619618314,-0.0
1688,0.13943796576830975,0.2525205772917512,0.0,-0.0,0.11308261152344146,0.0,0.0,0.17863429691888438,0.24,0.06,0.13943796576830975,0.11308261152344146,-0.0
1689,0.1156357130706445,0.2264348520550099,0.0,-0.0,0.1107991389843654,0.0,0.0,0.20494909242767118,0.24,0.06,0.1156357130706445,0.1107991389843654,-0.0
1690,0.1925541814464495,0.2301998020891786,0.0,-0.0,0.03764562064272908,0.0,0.0,0.21388992733031933,0.24,0.06,0.1925541814464495,0.03764562064272908,-0.0
1691,0.319839538964935,0.19604632677921868,0.12379321218571632,0.0,0.0,0.0,0.0,0.21388992733031933,0.24,0.06,0.19604632677921868,0.0,0.0
1692,0.3229643909143375,0.08255997574927318,0.2404044151650643,0.0,0.0,0.0,0.0,0.21388992733031933,0.24,0.06,0.08255997574927318,0.0,0.0
1693,0.3376788241368875,0.08121535073707004,0.25646347339981745,0.0,0.0,0.0,0.0,0.21388992733031933,0.24,0.06,0.08121535073707004,0.0,0.0
1694,0.251852725810045,0.0855181507761201,0.16633457503392488,0.0,0.0,0.0,0.0,0.21388992733031933,0.24,0.06,0.0855181507761201,0.0,0.0
1695,0.166212562180508,0.07099620064432613,0.09521636153618188,0.0,0.0,0.0,0.0,0.21388992733031933,0.24,0.06,0.07099620064432613,0.0,0.0
1696,0.29899343903906,0.05109575046371954,0.24789768857534047,0.0,0.0,0.0,0.0,0.21388992733031933,0.24,0.06,0.05109575046371953,0.0,0.0
1697,0.29720146727934,0.03845627534900995,0.25874519193033,0.0,0.0,0.0,0.0,0.21388992733031933,0.24,0.06,0.03845627534900997,0.0,0.0
1698,0.2363809742979005,0.027430350248944184,0.2089506240489563,0.0,0.0,0.0,0.0,0.21388992733031933,0.24,0.06,0.02743035024894419,0.0,0.0
1699,0.24372487255304875,0.020976150190369074,0.22274872236267967,0.0,0.0,0.0,0.0,0.21388992733031933,0.24,0.06,0.02097615019036908,0.0,0.0
1700,0.1310165863880375,0.01667335015131902,0.11434323623671849,0.0,0.0,0.0,0.0,0.21388992733031933,0.24,0.06,0.016673350151319016,0.0,0.0
1701,0.126802240678572,0.01640442514887838,0.1103978155296936,0.0,0.0,0.0,0.0,0.21388992733031933,0.24,0.06,0.016404425148878382,0.0,0.0
1702,0.244348484992893,0.009950225090303284,0.0,0.0,0.0,0.23439825990258972,0.0,0.15220617472437467,0.24,0.06,0.009950225090303272,0.0,0.0
1703,0.20600989944284975,0.0013446250122031464,0.2046652744306466,0.0,0.0,0.0,0.0,0.15220617472437467,0.24,0.06,0.0013446250122031433,0.0,0.0
1704,0.232725999545783,0.0,0.232725999545783,0.0,0.0,0.0,0.0,0.15220617472437467,0.24,0.06,0.0,0.0,0.0
1705,0.3288385693992,0.0,0.3288385693992,0.0,0.0,0.0,0.0,0.15220617472437467,0.24,0.06,0.0,0.0,0.0
1706,0.23591927128548676,0.0,0.23591927128548676,0.0,0.0,0.0,0.0,0.15220617472437467,0.24,0.06,0.0,0.0,0.0
1707,0.23129806285354376,0.0,0.23129806285354376,0.0,0.0,0.0,0.0,0.15220617472437467,0.24,0.06,0.0,0.0,0.0
1708,0.21443545713092674,0.0,0.21443545713092674,0.0,0.0,0.0,0.0,0.15220617472437467,0.24,0.06,0.0,0.0,0.0
1709,0.27363372210721,0.0,0.27363372210721,0.0,0.0,0.0,0.0,0.15220617472437467,0.24,0.06,0.0,0.0,0.0
1710,0.33478639055912,0.0,0.33478639055912,0.0,0.0,0.0,0.0,0.15220617472437467,0.24,0.06,0.0,0.0,0.0
1711,0.57023246848573,0.0,0.57023246848573,0.0,0.0,0.0,0.0,0.15220617472437467,0.24,0.06,0.0,0.0,0.0
1712,0.348463558869165,0.0,0.348463558869165,0.0,0.0,0.0,0.0,0.15220617472437467,0.24,0.06,0.0,0.0,0.0
1713,0.277919099049355,0.0,0.277919099049355,0.0,0.0,0.0,0.0,0.15220617472437467,0.24,0.06,0.0,0.0,0.0
1714,0.18584120766980325,0.0,0.18584120766980325,0.0,0.0,0.0,0.0,0.15220617472437467,0.24,0.06,0.0,0.0,0.0
1715,0.1431665831954845,0.0,0.1431665831954845,0.0,0.0,0.0,0.0,0.15220617472437467,0.24,0.06,0.0,0.0,0.0
1716,0.15824452919704024,0.0,0.15824452919704024,0.0,0.0,0.0,0.0,0.15220617472437467,0.24,0.06,0.0,0.0,0.0
1717,0.133204975100723,0.0,0.133204975100723,0.0,0.0,0.0,0.0,0.15220617472437467,0.24,0.06,0.0,0.0,0.0
1718,0.14804632442284024,0.0,0.14804632442284024,0.0,0.0,0.0,0.0,0.15220617472437467,0.24,0.06,0.0,0.0,0.0
1719,0.15089331890323374,0.0,0.15089331890323374,0.0,0.0,0.0,0.0,0.15220617472437467,0.24,0.06,0.0,0.0,0.0
1720,0.299264506757885,0.0,0.299264506757885,0.0,0.0,0.0,0.0,0.15220617472437467,0.24,0.06,0.0,0.0,0.0
1721,0.212469563308839,0.0,0.212469563308839,0.0,0.0,0.0,0.0,0.15220617472437467,0.14,0.06,0.0,0.0,0.0
1722,0.1848681842397955,0.0,0.1848681842397955,0.0,0.0,0.0,0.0,0.15220617472437467,0.14,0.06,0.0,0.0,0.0
1723,0.162921100207395,0.0,0.162921100207395,0.0,0.0,0.0,0.0,0.15220617472437467,0.14,0.06,0.0,0.0,0.0
1724,0.2627001351593925,0.0,0.2627001351593925,0.0,0.0,0.0,0.0,0.15220617472437467,0.14,0.06,0.0,0.0,0.0
1725,0.4610370946074775,0.0,0.4610370946074775,0.0,0.0,0.0,0.0,0.15220617472437467,0.14,0.06,0.0,0.0,0.0
1726,0.3398578116570125,0.0,0.3398578116570125,0.0,0.0,0.0,0.0,0.15220617472437467,0.14,0.06,0.0,0.0,0.0
1727,0.15443443476767474,0.0,0.15443443476767474,0.0,0.0,0.0,0.0,0.15220617472437467,0.14,0.06,0.0,0.0,0.0
1728,0.160668470012213,0.0,0.160668470012213,0.0,0.0,0.0,0.0,0.15220617472437467,0.14,0.06,0.0,0.0,0.0
1729,0.10446396257796126,0.0,0.10446396257796126,0.0,0.0,0.0,0.0,0.15220617472437467,0.14,0.06,0.0,0.0,0.0
1730,0.09449713159844375,0.0,0.09449713159844375,0.0,0.0,0.0,0.0,0.15220617472437467,0.14,0.06,0.0,0.0,0.0
1731,0.262922107761515,0.0,0.262922107761515,0.0,0.0,0.0,0.0,0.15220617472437467,0.14,0.06,0.0,0.0,0.0
1732,0.2695165220542025,0.0,0.2695165220542025,0.0,0.0,0.0,0.0,0.15220617472437467,0.14,0.06,0.0,0.0,0.0
1733,0.07414825030132174,0.0,0.07414825030132174,0.0,0.0,0.0,0.0,0.15220617472437467,0.14,0.06,0.0,0.0,0.0
1734,0.07755618260448975,0.0,0.07755618260448975,0.0,0.0,0.0,0.0,0.15220617472437467,0.14,0.06,0.0,0.0,0.0
1735,0.0863849469957155,0.0,0.0863849469957155,0.0,0.0,0.0,0.0,0.15220617472437467,0.14,0.06,0.0,0.0,0.0
1736,0.046990294148047,0.0,0.046990294148047,0.0,0.0,0.0,0.0,0.15220617472437467,0.14,0.06,0.0,0.0,0.0
1737,0.0263264729001495,0.0,0.0263264729001495,0.0,0.0,0.0,0.0,0.15220617472437467,0.14,0.06,0.0,0.0,0.0
1738,0.0209427232938578,0.0,0.0209427232938578,0.0,0.0,0.0,0.0,0.15220617472437467,0.14,0.06,0.0,0.0,0.0
1739,0.034523268235922,0.0,0.034523268235922,0.0,0.0,0.0,0.0,0.15220617472437467,0.14,0.06,0.0,0.0,0.0
1740,0.02992608507385575,0.0,0.02992608507385575,0.0,0.0,0.0,0.0,0.15220617472437467,0.14,0.06,0.0,0.0,0.0
1741,0.020713438653077624,0.0,0.020713438653077624,0.0,0.0,0.0,0.0,0.15220617472437467,0.14,0.06,0.0,0.0,0.0
1742,0.02712191824845975,0.0,0.02712191824845975,0.0,0.0,0.0,0.0,0.15220617472437467,0.14,0.06,0.0,0.0,0.0
1743,0.08338178826112325,0.0,0.08338178826112325,0.0,0.0,0.0,0.0,0.15220617472437467,0.14,0.06,0.0,0.0,0.0
1744,0.073014362020835,0.0,0.073014362020835,0.0,0.0,0.0,0.0,0.15220617472437467,0.14,0.06,0.0,0.0,0.0
1745,0.048050539753477,0.0,0.048050539753477,0.0,0.0,0.0,0.0,0.15220617472437467,0.14,0.06,0.0,0.0,0.0
1746,0.02804427969633625,0.0,0.02804427969633625,0.0,0.0,0.0,0.0,0.15220617472437467,0.14,0.06,0.0,0.0,0.0
1747,0.0344067979058675,0.0,0.0344067979058675,0.0,0.0,0.0,0.0,0.15220617472437467,0.14,0.06,0.0,0.0,0.0
1748,0.0258887951576125,0.0,0.0258887951576125,0.0,0.0,0.0,0.0,0.15220617472437467,0.14,0.06,0.0,0.0,0.0
1749,0.028565001306491,0.0,0.028565001306491,0.0,0.0,0.0,0.0,0.15220617472437467,0.14,0.06,0.0,0.0,0.0
1750,0.02072075069173575,0.0,0.02072075069173575,0.0,0.0,0.0,0.0,0.15220617472437467,0.14,0.06,0.0,0.0,0.0
1751,0.03039718927883,0.0,0.03039718927883,0.0,0.0,0.0,0.0,0.15220617472437467,0.14,0.06,0.0,0.0,0.0
1752,0.03421929634313375,0.0,0.03421929634313375,0.0,0.0,0.0,0.0,0.15220617472437467,0.14,0.06,0.0,0.0,0.0
1753,0.04289555249948975,0.0,0.04289555249948975,0.0,0.0,0.0,0.0,0.15220617472437467,0.14,0.06,0.0,0.0,0.0
1754,0.07634238418723875,0.0,0.07634238418723875,0.0,0.0,0.0,0.0,0.15220617472437467,0.14,0.06,0.0,0.0,0.0
1755,0.062066673284176,0.0,0.062066673284176,0.0,0.0,0.0,0.0,0.15220617472437467,0.14,0.06,0.0,0.0,0.0
1756,0.02894992791299425,0.0,0.02894992791299425,0.0,0.0,0.0,0.0,0.15220617472437467,0.14,0.06,0.0,0.0,0.0
1757,0.0230705265433759,0.0,0.0230705265433759,0.0,0.0,0.0,0.0,0.15220617472437467,0.14,0.06,0.0,0.0,0.0
1758,0.03836156624296875,0.0,0.03836156624296875,0.0,0.0,0.0,0.0,0.15220617472437467,0.14,0.06,0.0,0.0,0.0
1759,0.1189637352370485,0.0,0.1189637352370485,0.0,0.0,0.0,0.0,0.15220617472437467,0.14,0.06,0.0,0.0,0.0
1760,0.301416857565755,0.0,0.301416857565755,0.0,0.0,0.0,0.0,0.15220617472437467,0.14,0.06,0.0,0.0,0.0
1761,0.2937627199561125,0.0,0.2937627199561125,0.0,0.0,0.0,0.0,0.15220617472437467,0.24,0.06,0.0,0.0,0.0
1762,0.263658534512085,0.002151400019525036,0.26150713449255997,0.0,0.0,0.0,0.0,0.15220617472437467,0.24,0.06,0.0021514000195250182,0.0,0.0
1763,0.23434143780075575,0.01586657514399712,0.21847486265675864,0.0,0.0,0.0,0.0,0.15220617472437467,0.24,0.06,0.015866575143997114,0.0,0.0
1764,0.18053214531551975,0.019362600175725303,0.16116954513979445,0.0,0.0,0.0,0.0,0.15220617472437467,0.24,0.06,0.019362600175725303,0.0,0.0
1765,0.3684353478869175,0.014253025129353352,0.35418232275756417,0.0,0.0,0.0,0.0,0.15220617472437467,0.24,0.06,0.014253025129353336,0.0,0.0
1766,0.12411767791408425,0.01640442514887838,0.10771325276520587,0.0,0.0,0.0,0.0,0.15220617472437467,0.24,0.06,0.016404425148878382,0.0,0.0
1767,0.101509376671598,0.022858625207453485,0.07865075146414452,0.0,0.0,0.0,0.0,0.15220617472437467,0.24,0.06,0.02285862520745348,0.0,0.0
1768,0.1193925340755005,0.04060767536853504,0.0,0.0,0.0,0.07878485870696547,0.0,0.13147331716991006,0.24,0.06,0.04060767536853503,0.0,0.0
1769,0.096690743195885,0.08766955079564516,0.009021192400239839,0.0,0.0,0.0,0.0,0.13147331716991006,0.24,0.06,0.08766955079564516,0.0,0.0
1770,0.1224897047356975,0.061852750561344746,0.06063695417435275,0.0,0.0,0.0,0.0,0.13147331716991006,0.24,0.06,0.061852750561344746,0.0,0.0
1771,0.23201777637289475,0.07234082565652929,0.15967695071636545,0.0,0.0,0.0,0.0,0.13147331716991006,0.24,0.06,0.0723408256565293,0.0,0.0
1772,0.19840329008448426,0.08578707577856073,0.06901760906026527,0.0,0.0,0.04359860524565826,0.0,0.12,0.24,0.06,0.08578707577856073,0.0,0.0
1773,0.145858980287106,0.06588662559795415,0.07997235468915186,0.0,0.0,0.0,0.0,0.12,0.24,0.06,0.06588662559795415,0.0,0.0
1774,0.1179108016702765,0.13822745125448346,0.0,-0.0,0.02031664958420687,0.0,0.0,0.12482520427624913,0.24,0.06,0.1179108016702765,0.02031664958420687,-0.0
1775,0.10417200332011126,0.11805807607143622,0.0,-0.0,0.01388607275132496,0.0,0.0,0.12812314655468882,0.24,0.06,0.10417200332011126,0.01388607275132496,-0.0
1776,0.2305574577951695,0.07180297565164803,0.15875448214352147,0.0,0.0,0.0,0.0,0.12812314655468882,0.24,0.06,0.07180297565164803,0.0,0.0
1777,0.14794291130467524,0.04302800039050066,0.07404695400635705,0.0,0.0,0.030867956907817518,0.0,0.12,0.24,0.06,0.04302800039050067,0.0,0.0
1778,0.22495904762541374,0.04706187542711012,0.17789717219830362,0.0,0.0,0.0,0.0,0.12,0.24,0.06,0.04706187542711013,0.0,0.0
1779,0.18220346843737975,0.09815762589082966,0.08404584254655009,0.0,0.0,0.0,0.0,0.12,0.24,0.06,0.09815762589082966,0.0,0.0
1780,0.09341494987703924,0.07664362569557934,0.016771324181459907,0.0,0.0,0.0,0.0,0.12,0.24,0.06,0.07664362569557934,0.0,0.0
1781,0.11386724429232625,0.12316765111780824,0.0,-0.0,0.009300406825481985,0.0,0.0,0.12220884662105197,0.24,0.06,0.11386724429232625,0.009300406825481985,-0.0
1782,0.052893720787542,0.11294850102506429,0.0,-0.0,0.0600547802375222,0.0,0.0,0.1364718569274635,0.24,0.06,0.052893720787542,0.0600547802375222,-0.0
1783,0.06950771719578225,0.24741100224537874,0.0,-0.0,0.1779032850495965,0.0,0.0,0.17872388712674267,0.24,0.06,0.06950771719578225,0.1779032850495965,-0.0
1784,0.22268970419901324,0.3996225536267752,0.0,-0.0,0.17693284942776194,0.0,0.0,0.22074543886583614,0.24,0.06,0.22268970419901324,0.17693284942776194,-0.0
1785,0.2677005250246075,0.25010025226978577,0.0,0.0,0.0,0.017600272754821733,0.0,0.21611378814088306,0.24,0.06,0.25010025226978577,0.0,0.0
1786,0.249506083689258,0.23477152713066962,0.0,0.0,0.0,0.01473455655858838,0.0,0.212236273257044,0.24,0.06,0.23477152713066962,0.0,0.0
1787,0.10132135282038875,0.2484867022551417,0.0,-0.0,0.1471653494347529,0.0,0.0,0.24718804374779782,0.24,0.06,0.10132135282038875,0.1471653494347529,-0.0
1788,0.0932587856228405,0.14602627632526166,0.0,-0.0,0.05276749070242115,0.0,0.0,0.25972032278962287,0.24,0.06,0.0932587856228405,0.05276749070242115,-0.0
1789,0.0762405379345005,0.08847632580296706,0.0,-0.0,0.012235787868466463,0.0,0.0,0.2626263224083837,0.24,0.06,0.0762405379345005,0.012235787868466463,-0.0
1790,0.08929879440098325,0.0922412758371359,0.0,-0.0,0.0029424814361526525,0.0,0.0,0.26332516174946996,0.24,0.06,0.08929879440098325,0.0029424814361526525,-0.0
1791,0.091782798390848,0.16135500146437765,0.0,-0.0,0.06957220307352964,0.0,0.0,0.27984855997943325,0.24,0.06,0.091782798390848,0.06957220307352964,-0.0
1792,0.05964899993071025,0.13526927622763651,0.0,-0.0,0.07562027629692625,0.0,0.0,0.2978083755999532,0.24,0.06,0.05964899993071025,0.07562027629692625,-0.0
1793,0.05094140646581925,0.035229175319722424,0.0,0.0,0.0,0.01571223114609683,0.0,0.2936735779299277,0.24,0.06,0.035229175319722424,0.0,0.0
1794,0.0639307208535255,0.0432969253929413,0.0206337954605842,0.0,0.0,0.0,0.0,0.2936735779299277,0.24,0.06,0.0432969253929413,0.0,0.0
1795,0.09753998425718025,0.030657450278231697,0.06688253397894856,0.0,0.0,0.0,0.0,0.2936735779299277,0.24,0.06,0.03065745027823169,0.0,0.0
1796,0.14382988955947276,0.031195300283113032,0.0,0.0,0.0,0.11263458927635973,0.0,0.264032896541412,0.24,0.06,0.03119530028311303,0.0,0.0
1797,0.117743147069615,0.042221225383178795,0.0755219216864362,0.0,0.0,0.0,0.0,0.264032896541412,0.24,0.06,0.042221225383178795,0.0,0.0
1798,0.31295368770287,0.0032271000292875495,0.30972658767358247,0.0,0.0,0.0,0.0,0.264032896541412,0.24,0.06,0.003227100029287555,0.0,0.0
1799,0.2515936707261575,0.0,0.2515936707261575,0.0,0.0,0.0,0.0,0.264032896541412,0.24,0.06,0.0,0.0,0.0
1800,0.38405751848003,0.0,0.38405751848003,0.0,0.0,0.0,0.0,0.264032896541412,0.24,0.06,0.0,0.0,0.0
1801,0.5839331397771775,0.0,0.5839331397771775,0.0,0.0,0.0,0.0,0.264032896541412,0.24,0.06,0.0,0.0,0.0
1802,0.5881605426985325,0.0,0.5881605426985325,0.0,0.0,0.0,0.0,0.264032896541412,0.24,0.06,0.0,0.0,0.0
1803,0.47088745525694,0.0,0.47088745525694,0.0,0.0,0.0,0.0,0.264032896541412,0.24,0.06,0.0,0.0,0.0
1804,0.263528484681665,0.0,0.263528484681665,0.0,0.0,0.0,0.0,0.264032896541412,0.24,0.06,0.0,0.0,0.0
1805,0.4270899105601225,0.0,0.4270899105601225,0.0,0.0,0.0,0.0,0.264032896541412,0.24,0.06,0.0,0.0,0.0
1806,0.345326694284825,0.0,0.345326694284825,0.0,0.0,0.0,0.0,0.264032896541412,0.24,0.06,0.0,0.0,0.0
1807,0.249483625284808,0.0,0.249483625284808,0.0,0.0,0.0,0.0,0.264032896541412,0.24,0.06,0.0,0.0,0.0
1808,0.232533797386769,0.0,0.232533797386769,0.0,0.0,0.0,0.0,0.264032896541412,0.24,0.06,0.0,0.0,0.0
1809,0.20149889387925424,0.0,0.20149889387925424,0.0,0.0,0.0,0.0,0.264032896541412,0.24,0.06,0.0,0.0,0.0
1810,0.2513205138534275,0.0,0.2513205138534275,0.0,0.0,0.0,0.0,0.264032896541412,0.24,0.06,0.0,0.0,0.0
1811,0.2238679869999245,0.0,0.2238679869999245,0.0,0.0,0.0,0.0,0.264032896541412,0.24,0.06,0.0,0.0,0.0
1812,0.242186732992462,0.0,0.242186732992462,0.0,0.0,0.0,0.0,0.264032896541412,0.24,0.06,0.0,0.0,0.0
1813,0.2564958703579625,0.0,0.2564958703579625,0.0,0.0,0.0,0.0,0.264032896541412,0.24,0.06,0.0,0.0,0.0
1814,0.348821848763415,0.0,0.348821848763415,0.0,0.0,0.0,0.0,0.264032896541412,0.24,0.06,0.0,0.0,0.0
1815,0.291169035386375,0.0,0.291169035386375,0.0,0.0,0.0,0.0,0.264032896541412,0.24,0.06,0.0,0.0,0.0
1816,0.2542416732973525,0.0,0.2542416732973525,0.0,0.0,0.0,0.0,0.264032896541412,0.24,0.06,0.0,0.0,0.0
1817,0.3669567492125475,0.0,0.3669567492125475,0.0,0.0,0.0,0.0,0.264032896541412,0.14,0.06,0.0,0.0,0.0
1818,0.4693837867357425,0.0,0.4693837867357425,0.0,0.0,0.0,0.0,0.264032896541412,0.14,0.06,0.0,0.0,0.0
1819,0.557564361510505,0.0,0.557564361510505,0.0,0.0,0.0,0.0,0.264032896541412,0.14,0.06,0.0,0.0,0.0
1820,0.3181394899769175,0.0,0.3181394899769175,0.0,0.0,0.0,0.0,0.264032896541412,0.14,0.06,0.0,0.0,0.0
1821,0.2554805415614325,0.0,0.2554805415614325,0.0,0.0,0.0,0.0,0.264032896541412,0.14,0.06,0.0,0.0,0.0
1822,0.2058991742860265,0.0,0.2058991742860265,0.0,0.0,0.0,0.0,0.264032896541412,0.14,0.06,0.0,0.0,0.0
1823,0.208907033616899,0.0,0.208907033616899,0.0,0.0,0.0,0.0,0.264032896541412,0.14,0.06,0.0,0.0,0.0
1824,0.1819506808151985,0.0,0.1819506808151985,0.0,0.0,0.0,0.0,0.264032896541412,0.14,0.06,0.0,0.0,0.0
1825,0.109902552474189,0.0,0.109902552474189,0.0,0.0,0.0,0.0,0.264032896541412,0.14,0.06,0.0,0.0,0.0
1826,0.07296213317327675,0.0,0.07296213317327675,0.0,0.0,0.0,0.0,0.264032896541412,0.14,0.06,0.0,0.0,0.0
1827,0.0891253946270905,0.0,0.0891253946270905,0.0,0.0,0.0,0.0,0.264032896541412,0.14,0.06,0.0,0.0,0.0
1828,0.08303185498248375,0.0,0.08303185498248375,0.0,0.0,0.0,0.0,0.264032896541412,0.14,0.06,0.0,0.0,0.0
1829,0.07390068556389626,0.0,0.07390068556389626,0.0,0.0,0.0,0.0,0.264032896541412,0.14,0.06,0.0,0.0,0.0
1830,0.0483952501473605,0.0,0.0483952501473605,0.0,0.0,0.0,0.0,0.264032896541412,0.14,0.06,0.0,0.0,0.0
1831,0.03469457885591275,0.0,0.03469457885591275,0.0,0.0,0.0,0.0,0.264032896541412,0.14,0.06,0.0,0.0,0.0
1832,0.03295379136680025,0.0,0.03295379136680025,0.0,0.0,0.0,0.0,0.264032896541412,0.14,0.06,0.0,0.0,0.0
1833,0.06940534865456825,0.0,0.06940534865456825,0.0,0.0,0.0,0.0,0.264032896541412,0.14,0.06,0.0,0.0,0.0
1834,0.04539261370124375,0.0,0.04539261370124375,0.0,0.0,0.0,0.0,0.264032896541412,0.14,0.06,0.0,0.0,0.0
1835,0.03579765211634025,0.0,0.03579765211634025,0.0,0.0,0.0,0.0,0.264032896541412,0.14,0.06,0.0,0.0,0.0
1836,0.0379541812320155,0.0,0.0379541812320155,0.0,0.0,0.0,0.0,0.26403289654141204,0.14,0.06,0.0,0.0,0.0
1837,0.0510484756033135,0.0,0.0510484756033135,0.0,0.0,0.0,0.0,0.26403289654141204,0.14,0.06,0.0,0.0,0.0
1838,0.07429501336296025,0.0,0.07429501336296025,0.0,0.0,0.0,0.0,0.26403289654141204,0.14,0.06,0.0,0.0,0.0
1839,0.06960016225596025,0.0,0.06960016225596025,0.0,0.0,0.0,0.0,0.26403289654141204,0.14,0.06,0.0,0.0,0.0
1840,0.03752590468203875,0.0,0.03752590468203875,0.0,0.0,0.0,0.0,0.26403289654141204,0.14,0.06,0.0,0.0,0.0
1841,0.022945699597711974,0.0,0.022945699597711974,0.0,0.0,0.0,0.0,0.26403289654141204,0.14,0.06,0.0,0.0,0.0
1842,0.027621748319591,0.0,0.027621748319591,0.0,0.0,0.0,0.0,0.26403289654141204,0.14,0.06,0.0,0.0,0.0
1843,0.03416863436100225,0.0,0.03416863436100225,0.0,0.0,0.0,0.0,0.26403289654141204,0.14,0.06,0.0,0.0,0.0
1844,0.029844608071665,0.0,0.029844608071665,0.0,0.0,0.0,0.0,0.26403289654141204,0.14,0.06,0.0,0.0,0.0
1845,0.023126933698738673,0.0,0.023126933698738673,0.0,0.0,0.0,0.0,0.26403289654141204,0.14,0.06,0.0,0.0,0.0
1846,0.03345153228402925,0.0,0.03345153228402925,0.0,0.0,0.0,0.0,0.26403289654141204,0.14,0.06,0.0,0.0,0.0
1847,0.0595638669091905,0.0,0.0595638669091905,0.0,0.0,0.0,0.0,0.26403289654141204,0.14,0.06,0.0,0.0,0.0
1848,0.07352777159233125,0.0,0.07352777159233125,0.0,0.0,0.0,0.0,0.26403289654141204,0.14,0.06,0.0,0.0,0.0
1849,0.07872088590503575,0.0,0.07872088590503575,0.0,0.0,0.0,0.0,0.26403289654141204,0.14,0.06,0.0,0.0,0.0
1850,0.0442817061136825,0.0,0.0442817061136825,0.0,0.0,0.0,0.0,0.26403289654141204,0.14,0.06,0.0,0.0,0.0
1851,0.0335695694795105,0.0,0.0335695694795105,0.0,0.0,0.0,0.0,0.26403289654141204,0.14,0.06,0.0,0.0,0.0
1852,0.023607961384749025,0.0,0.023607961384749025,0.0,0.0,0.0,0.0,0.26403289654141204,0.14,0.06,0.0,0.0,0.0
1853,0.033391991397813,0.0,0.033391991397813,0.0,0.0,0.0,0.0,0.26403289654141204,0.14,0.06,0.0,0.0,0.0
1854,0.0321489448259295,0.0,0.0321489448259295,0.0,0.0,0.0,0.0,0.26403289654141204,0.14,0.06,0.0,0.0,0.0
1855,0.04547565756886125,0.0,0.04547565756886125,0.0,0.0,0.0,0.0,0.26403289654141204,0.14,0.06,0.0,0.0,0.0
1856,0.22021196767085574,0.0,0.22021196767085574,0.0,0.0,0.0,0.0,0.26403289654141204,0.14,0.06,0.0,0.0,0.0
1857,0.27617517782939,0.017211200156200247,0.25896397767318974,0.0,0.0,0.0,0.0,0.26403289654141204,0.24,0.06,0.017211200156200257,0.0,0.0
1858,0.112229869921379,0.026623575241622347,0.0,0.0,0.0,0.08560629467975665,0.0,0.24150492425726555,0.24,0.06,0.026623575241622344,0.0,0.0
1859,0.1072399258256755,0.034960250317281755,0.07227967550839375,0.0,0.0,0.0,0.0,0.24150492425726555,0.24,0.06,0.034960250317281755,0.0,0.0
1860,0.09725690390341525,0.042221225383178795,0.03203838209392027,0.0,0.0,0.022997296426316184,0.0,0.23545300414507708,0.24,0.06,0.04222122538317879,0.0,0.0
1861,0.08399234348907775,0.057281025519854,0.026711317969223748,0.0,0.0,0.0,0.0,0.23545300414507708,0.24,0.06,0.057281025519854,0.0,0.0
1862,0.11102965100449325,0.06857587562236044,0.04245377538213281,0.0,0.0,0.0,0.0,0.23545300414507708,0.24,0.06,0.06857587562236044,0.0,0.0
1863,0.4186309264096075,0.06212167556378534,0.35650925084582213,0.0,0.0,0.0,0.0,0.23545300414507708,0.24,0.06,0.06212167556378534,0.0,0.0
1864,0.4966420222763275,0.06884480062480106,0.0,0.0,0.0,0.42779722165152645,0.0,0.12287478792099119,0.24,0.06,0.06884480062480103,0.0,0.0
1865,0.3948563550011475,0.08847632580296706,0.30638002919818047,0.0,0.0,0.0,0.0,0.12287478792099119,0.24,0.06,0.08847632580296705,0.0,0.0
1866,0.22023442607530574,0.15248047638383688,0.06775394969146886,0.0,0.0,0.0,0.0,0.12287478792099119,0.24,0.06,0.15248047638383688,0.0,0.0
1867,0.2548391713134175,0.243914977213651,0.0,0.0,0.0,0.010924194099766499,0.0,0.12,0.24,0.06,0.243914977213651,0.0,0.0
1868,0.2497661833500975,0.32674387796536497,0.0,-0.0,0.07697769461526738,0.0,0.0,0.138282202471126,0.24,0.06,0.2497661833500975,0.07697769461526738,-0.0
1869,0.1383756310089775,0.3980090036121314,0.0,-0.0,0.2596333726031539,0.0,0.0,0.19994512846437504,0.24,0.06,0.1383756310089775,0.2596333726031539,-0.0
1870,0.126425670687678,0.4945530794883173,0.0,-0.0,0.3681274088006393,0.0,0.0,0.2873753880545269,0.24,0.06,0.126425670687678,0.3681274088006393,-0.0
1871,0.4876341129379775,0.5157981546811268,0.0,-0.0,0.028164041743149237,0.0,0.0,0.2940643479685248,0.24,0.06,0.4876341129379775,0.028164041743149237,-0.0
1872,0.32207284448652,0.35659455323627465,0.0,-0.0,0.03452170874975463,0.0,0.0,0.3022632537965915,0.24,0.06,0.32207284448652,0.03452170874975463,-0.0
1873,0.30329448463547,0.49562877949807976,0.0,-0.0,0.19233429486260967,0.0,0.0,0.3479426488264613,0.24,0.06,0.30329448463547,0.19233429486260967,-0.0
1874,0.324494173859315,0.3961265285950468,0.0,-0.0,0.07163235473573182,0.0,0.0,0.3649553330761976,0.24,0.06,0.324494173859315,0.07163235473573182,-0.0
1875,0.2167021891149495,0.3824113534705751,0.0,-0.0,0.16570916435562558,0.0,0.0,0.40431125961065867,0.24,0.06,0.2167021891149495,0.16570916435562558,-0.0
1876,0.15627132333629426,0.3404590530898367,0.0,-0.0,0.18418772975354236,0.0,0.0,0.44805584542712495,0.24,0.06,0.15627132333629426,0.18418772975354236,-0.0
1877,0.1659582076929,0.6489160308892381,0.0,-0.0,0.48295782319633807,0.0,0.0,0.5627583284362553,0.24,0.06,0.1659582076929,0.48295782319633807,-0.0
1878,0.17089226692171625,0.6126111555597533,0.0,-0.0,0.4417188886380371,0.0,0.0,0.667666564487789,0.24,0.06,0.17089226692171625,0.4417188886380371,-0.0
1879,0.19113198992744174,0.4937463044809949,0.0,-0.0,0.30261431455355314,0.0,0.0,0.7395374641942579,0.24,0.06,0.19113198992744174,0.30261431455355314,-0.0
1880,0.16930137622509575,0.46281992920032267,0.0,-0.0,0.2935185529752269,0.0,0.0,0.8092481205258744,0.24,0.06,0.16930137622509575,0.2935185529752269,-0.0
1881,0.432026581231315,0.32324785293363656,0.0,0.0,0.0,0.10877872829767843,0.0,0.7806221393949063,0.24,0.06,0.32324785293363656,0.0,0.0
1882,0.54457034652652,0.361973053285087,0.0,0.0,0.0,0.18259729324143303,0.0,0.732570220120845,0.24,0.06,0.361973053285087,0.0,0.0
1883,0.3312457969831525,0.21944280199155336,0.0,0.0,0.0,0.11180299499159913,0.0,0.7031483793335821,0.24,0.06,0.21944280199155336,0.0,0.0
1884,0.22499404095327774,0.26300865238693555,0.0,-0.0,0.03801461143365781,0.0,0.0,0.7121768495490758,0.24,0.06,0.22499404095327774,0.03801461143365781,-0.0
1885,0.18023653003834075,0.25305842729663197,0.0,-0.0,0.07282189725829122,0.0,0.0,0.7294720501479199,0.24,0.06,0.18023653003834075,0.07282189725829122,-0.0
1886,0.23426727283722326,0.1643131764912246,0.0,0.0,0.0,0.06995409634599867,0.0,0.7110630774252887,0.24,0.06,0.1643131764912246,0.0,0.0
1887,0.144493195923461,0.08793847579808578,0.0,0.0,0.0,0.05655472012537521,0.0,0.6961802563396636,0.24,0.06,0.08793847579808578,0.0,0.0
1888,0.0847073564121485,0.09681300087862653,0.0,-0.0,0.012105644466477994,0.0,0.0,0.6990553469004521,0.24,0.06,0.0847073564121485,0.012105644466477994,-0.0
1889,0.099819251164617,0.09062772582249212,0.0,0.0,0.0,0.009191525342124876,0.0,0.6966365244419982,0.24,0.06,0.09062772582249212,0.0,0.0
1890,0.1739116165990515,0.10541860095672673,0.0,0.0,0.0,0.06849301564232477,0.0,0.6786120466413864,0.24,0.06,0.10541860095672673,0.0,0.0
1891,0.061486410787805,0.07745040070290121,0.0,-0.0,0.015963989915096212,0.0,0.0,0.6824034942462217,0.24,0.06,0.061486410787805,0.015963989915096212,-0.0
1892,0.203341527621105,0.05109575046371954,0.0,0.0,0.0,0.15224577715738546,0.0,0.6423388160469098,0.24,0.06,0.05109575046371953,0.0,0.0
1893,0.464605891761125,0.03657380033192555,0.0,0.0,0.0,0.42803209142919946,0.0,0.5296987919865941,0.24,0.06,0.03657380033192553,0.0,0.0
1894,0.3201795487625375,0.01586657514399712,0.30431297361854037,0.0,0.0,0.0,0.0,0.5296987919865941,0.24,0.06,0.01586657514399714,0.0,0.0
1895,0.27222719924247,0.004571725041490702,0.2676554742009793,0.0,0.0,0.0,0.0,0.5296987919865941,0.24,0.06,0.004571725041490726,0.0,0.0
1896,0.3006412591795175,0.0,0.3006412591795175,0.0,0.0,0.0,0.0,0.5296987919865941,0.24,0.06,0.0,0.0,0.0
1897,0.3032250202682175,0.0,0.3032250202682175,0.0,0.0,0.0,0.0,0.5296987919865941,0.24,0.06,0.0,0.0,0.0
1898,0.372526433516145,0.0,0.372526433516145,0.0,0.0,0.0,0.0,0.5296987919865941,0.24,0.06,0.0,0.0,0.0
1899,0.3262720438301925,0.0,0.3262720438301925,0.0,0.0,0.0,0.0,0.5296987919865941,0.24,0.06,0.0,0.0,0.0
1900,0.2373503417085795,0.0,0.2373503417085795,0.0,0.0,0.0,0.0,0.5296987919865941,0.24,0.06,0.0,0.0,0.0
1901,0.20378338367144674,0.0,0.20378338367144674,0.0,0.0,0.0,0.0,0.5296987919865941,0.24,0.06,0.0,0.0,0.0
1902,0.18266203771894024,0.0,0.18266203771894024,0.0,0.0,0.0,0.0,0.5296987919865941,0.24,0.06,0.0,0.0,0.0
1903,0.178531258165568,0.0,0.178531258165568,0.0,0.0,0.0,0.0,0.5296987919865941,0.24,0.06,0.0,0.0,0.0
1904,0.2997293435011525,0.0,0.2997293435011525,0.0,0.0,0.0,0.0,0.5296987919865941,0.24,0.06,0.0,0.0,0.0
1905,0.2749822709511625,0.0,0.2749822709511625,0.0,0.0,0.0,0.0,0.5296987919865941,0.24,0.06,0.0,0.0,0.0
1906,0.22869236564886875,0.0,0.22869236564886875,0.0,0.0,0.0,0.0,0.5296987919865941,0.24,0.06,0.0,0.0,0.0
1907,0.13391685429294026,0.0,0.13391685429294026,0.0,0.0,0.0,0.0,0.5296987919865941,0.24,0.06,0.0,0.0,0.0
1908,0.16712604472429976,0.0,0.16712604472429976,0.0,0.0,0.0,0.0,0.5296987919865941,0.24,0.06,0.0,0.0,0.0
1909,0.3003529559409975,0.0,0.19007596946188393,0.0,0.0,0.11027698647911353,0.0,0.5006785323868274,0.24,0.06,0.0,0.0,0.0
1910,0.4104910605176725,0.0,0.0,0.0,0.0,0.4104910605176725,0.0,0.392654569092703,0.24,0.06,0.0,0.0,0.0
1911,0.550875413003735,0.0,0.0,0.0,0.0,0.550875413003735,0.0,0.24768735514435172,0.24,0.06,0.0,0.0,0.0
1912,0.3359448263979575,0.0,0.0,0.0,0.0,0.3359448263979575,0.0,0.15928082188173134,0.24,0.06,0.0,0.0,0.0
1913,0.14574512139942924,0.0,0.14574512139942924,0.0,0.0,0.0,0.0,0.15928082188173134,0.14,0.06,0.0,0.0,0.0
1914,0.12976257175816674,0.0,0.12976257175816674,0.0,0.0,0.0,0.0,0.15928082188173134,0.14,0.06,0.0,0.0,0.0
1915,0.1229963245570115,0.0,0.1229963245570115,0.0,0.0,0.0,0.0,0.15928082188173134,0.14,0.06,0.0,0.0,0.0
1916,0.12401322021896825,0.0,0.12401322021896825,0.0,0.0,0.0,0.0,0.15928082188173134,0.14,0.06,0.0,0.0,0.0
1917,0.2219396979480785,0.0,0.2219396979480785,0.0,0.0,0.0,0.0,0.15928082188173134,0.14,0.06,0.0,0.0,0.0
1918,0.1926863204307715,0.0,0.1926863204307715,0.0,0.0,0.0,0.0,0.15928082188173134,0.14,0.06,0.0,0.0,0.0
1919,0.10522650375230976,0.0,0.10522650375230976,0.0,0.0,0.0,0.0,0.15928082188173134,0.14,0.06,0.0,0.0,0.0
1920,0.13916219745320274,0.0,0.13916219745320274,0.0,0.0,0.0,0.0,0.15928082188173134,0.14,0.06,0.0,0.0,0.0
1921,0.087429523946878,0.0,0.087429523946878,0.0,0.0,0.0,0.0,0.15928082188173134,0.14,0.06,0.0,0.0,0.0
1922,0.0799237162642995,0.0,0.0799237162642995,0.0,0.0,0.0,0.0,0.15928082188173134,0.14,0.06,0.0,0.0,0.0
1923,0.049712983971252,0.0,0.049712983971252,0.0,0.0,0.0,0.0,0.15928082188173134,0.14,0.06,0.0,0.0,0.0
1924,0.0223952075444493,0.0,0.0223952075444493,0.0,0.0,0.0,0.0,0.15928082188173134,0.14,0.06,0.0,0.0,0.0
1925,0.03838036862808975,0.0,0.03838036862808975,0.0,0.0,0.0,0.0,0.15928082188173134,0.14,0.06,0.0,0.0,0.0
1926,0.025345615143008,0.0,0.025345615143008,0.0,0.0,0.0,0.0,0.15928082188173134,0.14,0.06,0.0,0.0,0.0
1927,0.031004610775931,0.0,0.031004610775931,0.0,0.0,0.0,0.0,0.15928082188173134,0.14,0.06,0.0,0.0,0.0
1928,0.025654809920552,0.0,0.025654809920552,0.0,0.0,0.0,0.0,0.15928082188173134,0.14,0.06,0.0,0.0,0.0
1929,0.05542107472087975,0.0,0.05542107472087975,0.0,0.0,0.0,0.0,0.15928082188173134,0.14,0.06,0.0,0.0,0.0
1930,0.07324782496941976,0.0,0.07324782496941976,0.0,0.0,0.0,0.0,0.15928082188173134,0.14,0.06,0.0,0.0,0.0
1931,0.0744156620008195,0.0,0.0744156620008195,0.0,0.0,0.0,0.0,0.15928082188173134,0.14,0.06,0.0,0.0,0.0
1932,0.035265440159723,0.0,0.035265440159723,0.0,0.0,0.0,0.0,0.15928082188173134,0.14,0.06,0.0,0.0,0.0
1933,0.025377997028494,0.0,0.025377997028494,0.0,0.0,0.0,0.0,0.15928082188173134,0.14,0.06,0.0,0.0,0.0
1934,0.024603443219206926,0.0,0.024603443219206926,0.0,0.0,0.0,0.0,0.15928082188173134,0.14,0.06,0.0,0.0,0.0
1935,0.0333512528967175,0.0,0.0333512528967175,0.0,0.0,0.0,0.0,0.15928082188173134,0.14,0.06,0.0,0.0,0.0
1936,0.02969209983679525,0.0,0.02969209983679525,0.0,0.0,0.0,0.0,0.15928082188173134,0.14,0.06,0.0,0.0,0.0
1937,0.019899190919646426,0.0,0.019899190919646426,0.0,0.0,0.0,0.0,0.15928082188173134,0.14,0.06,0.0,0.0,0.0
1938,0.03229831932994575,0.0,0.03229831932994575,0.0,0.0,0.0,0.0,0.15928082188173134,0.14,0.06,0.0,0.0,0.0
1939,0.0315514468098645,0.0,0.0315514468098645,0.0,0.0,0.0,0.0,0.15928082188173134,0.14,0.06,0.0,0.0,0.0
1940,0.07659987240570025,0.0,0.07659987240570025,0.0,0.0,0.0,0.0,0.15928082188173134,0.14,0.06,0.0,0.0,0.0
1941,0.08336716418380676,0.0,0.08336716418380676,0.0,0.0,0.0,0.0,0.15928082188173134,0.14,0.06,0.0,0.0,0.0
1942,0.0536776757893895,0.0,0.0536776757893895,0.0,0.0,0.0,0.0,0.15928082188173134,0.14,0.06,0.0,0.0,0.0
1943,0.027717849399098,0.0,0.027717849399098,0.0,0.0,0.0,0.0,0.15928082188173134,0.14,0.06,0.0,0.0,0.0
1944,0.024311483961357,0.0,0.024311483961357,0.0,0.0,0.0,0.0,0.15928082188173134,0.14,0.06,0.0,0.0,0.0
1945,0.0286616246744735,0.0,0.0286616246744735,0.0,0.0,0.0,0.0,0.15928082188173134,0.14,0.06,0.0,0.0,0.0
1946,0.0319745004750855,0.0,0.0319745004750855,0.0,0.0,0.0,0.0,0.15928082188173134,0.14,0.06,0.0,0.0,0.0
1947,0.0211991669353682,0.0,0.0211991669353682,0.0,0.0,0.0,0.0,0.15928082188173134,0.14,0.06,0.0,0.0,0.0
1948,0.03699264814847025,0.0,0.03699264814847025,0.0,0.0,0.0,0.0,0.15928082188173134,0.14,0.06,0.0,0.0,0.0
1949,0.02762227060806675,0.0,0.02762227060806675,0.0,0.0,0.0,0.0,0.15928082188173134,0.14,0.06,0.0,0.0,0.0
1950,0.026750048853846,0.0,0.026750048853846,0.0,0.0,0.0,0.0,0.15928082188173134,0.14,0.06,0.0,0.0,0.0
1951,0.0471219108438935,0.0,0.0471219108438935,0.0,0.0,0.0,0.0,0.15928082188173134,0.14,0.06,0.0,0.0,0.0
1952,0.1645281818467585,0.002151400019525036,0.16237678182723345,0.0,0.0,0.0,0.0,0.15928082188173134,0.14,0.06,0.002151400019525046,0.0,0.0
1953,0.09036791891049825,0.01774905016108154,0.07261886874941671,0.0,0.0,0.0,0.0,0.15928082188173134,0.24,0.06,0.01774905016108154,0.0,0.0
1954,0.07837043033792075,0.02716142524650355,0.0512090050914172,0.0,0.0,0.0,0.0,0.15928082188173134,0.24,0.06,0.02716142524650355,0.0,0.0
1955,0.096657316733448,0.034960250317281755,0.0,0.0,0.0,0.06169706641616625,0.0,0.1430447517722139,0.24,0.06,0.034960250317281755,0.0,0.0
1956,0.1412743320484535,0.041414450375856865,0.09985988167259663,0.0,0.0,0.0,0.0,0.1430447517722139,0.24,0.06,0.041414450375856865,0.0,0.0
1957,0.222492801443719,0.048406500439313244,0.17408630100440575,0.0,0.0,0.0,0.0,0.1430447517722139,0.24,0.06,0.048406500439313244,0.0,0.0
1958,0.166523323823479,0.05378500048812582,0.11273832333535319,0.0,0.0,0.0,0.0,0.1430447517722139,0.24,0.06,0.05378500048812582,0.0,0.0
1959,0.102747722647201,0.058356725529616564,0.0,0.0,0.0,0.04439099711758444,0.0,0.13136291042548115,0.24,0.06,0.058356725529616564,0.0,0.0
1960,0.116937255951793,0.06534877559307291,0.05158848035872009,0.0,0.0,0.0,0.0,0.13136291042548115,0.24,0.06,0.06534877559307291,0.0,0.0
1961,0.12923506039782975,0.08605600078100138,0.0,0.0,0.0,0.04317905961682837,0.0,0.12,0.24,0.06,0.08605600078100138,0.0,0.0
1962,0.12601933025367576,0.14253025129353347,0.0,-0.0,0.016510921039857712,0.0,0.0,0.1239213437469662,0.24,0.06,0.12601933025367576,0.016510921039857712,-0.0
1963,0.0726320468567095,0.22509022704280712,0.0,-0.0,0.15245818018609758,0.0,0.0,0.16013016154116438,0.24,0.06,0.0726320468567095,0.15245818018609758,-0.0
1964,0.076031622544268,0.3111462278238083,0.0,-0.0,0.2351146052795403,0.0,0.0,0.2159698802950552,0.24,0.06,0.076031622544268,0.2351146052795403,-0.0
1965,0.0798338826464995,0.3920926535584374,0.0,-0.0,0.31225877091193793,0.0,0.0,0.29013133838664046,0.24,0.06,0.0798338826464995,0.31225877091193793,-0.0
1966,0.031251653224881,0.46281992920032267,0.0,-0.0,0.43156827597544156,0.0,0.0,0.3926288039308078,0.24,0.06,0.031251653224881,0.43156827597544156,-0.0
1967,0.03630583880308075,0.48406500439313277,0.0,-0.0,0.4477591655900519,0.0,0.0,0.4989716057584451,0.24,0.06,0.03630583880308075,0.4477591655900519,-0.0
1968,0.0836481553836695,0.5322025798300054,0.0,-0.0,0.4485544244463359,0.0,0.0,0.6055032815644499,0.24,0.06,0.0836481553836695,0.4485544244463359,-0.0
1969,0.03290469625009575,0.5053100795859423,0.0,-0.0,0.4724053833358466,0.0,0.0,0.7176995601067134,0.24,0.06,0.03290469625009575,0.4724053833358466,-0.0
1970,0.19886029250061776,0.5235969797519052,0.0,-0.0,0.32473668725128746,0.0,0.0,0.7948245233288942,0.24,0.06,0.19886029250061776,0.32473668725128746,-0.0
1971,0.104688546622461,0.5663560551399653,0.0,-0.0,0.4616675085175043,0.0,0.0,0.9044705566018014,0.24,0.06,0.104688546622461,0.4616675085175043,-0.0
1972,0.121303065319177,0.5929796303815875,0.0,-0.0,0.4716765650624105,0.0,0.0,1.016493740804124,0.24,0.06,0.121303065319177,0.4716765650624105,-0.0
1973,0.1341696419151215,0.670161106082048,0.0,0.0,0.5359914641669266,0.0,0.0,1.143791713543769,0.24,0.06,0.1341696419151215,0.5359914641669266,0.0
1974,0.158359432661668,0.5553301300398998,0.0,-0.0,0.3969706973782319,0.0,0.0,1.2380722541710991,0.24,0.06,0.158359432661668,0.3969706973782319,-0.0
1975,0.10669779038802225,0.4203297788147038,0.0,-0.0,0.31363198842668155,0.0,0.0,1.312559851422436,0.24,0.06,0.10669779038802225,0.31363198842668155,-0.0
1976,0.06325487956612325,0.3358873280483461,0.0,-0.0,0.27263244848222284,0.0,0.0,1.377310057936964,0.24,0.06,0.06325487956612325,0.27263244848222284,-0.0
1977,0.0953667419102865,0.2974310526993362,0.0,-0.0,0.20206431078904963,0.0,0.0,1.425300331749363,0.24,0.06,0.0953667419102865,0.20206431078904963,-0.0
1978,0.1841260123159945,0.26946285244551044,0.0,-0.0,0.08533684012951595,0.0,0.0,1.4455678312801232,0.24,0.06,0.1841260123159945,0.08533684012951595,-0.0
1979,0.094274636707846,0.27887522753093236,0.0,-0.0,0.18460059082308633,0.0,0.0,1.4894104716006062,0.24,0.06,0.094274636707846,0.18460059082308633,-0.0
1980,0.09614808546975626,0.24767992724781995,0.0,-0.0,0.1515318417780637,0.0,0.0,1.5253992840228965,0.24,0.06,0.09614808546975626,0.1515318417780637,-0.0
1981,0.28675987607552,0.22293882702328155,0.0,0.0,0.0,0.06382104905223845,0.0,1.5086042711144128,0.24,0.06,0.22293882702328155,0.0,0.0
1982,0.090179895059289,0.14898445135210864,0.0,-0.0,0.05880455629281964,0.0,0.0,1.5225703532339574,0.24,0.06,0.090179895059289,0.05880455629281964,-0.0
1983,0.09789096211277075,0.12047840109340194,0.0,-0.0,0.02258743898063109,0.0,0.0,1.5279348699918573,0.24,0.06,0.09789096211277075,0.02258743898063109,-0.0
1984,0.0416310921001075,0.09573730086886406,0.0,-0.0,0.05410620876875649,0.0,0.0,1.540785094574437,0.24,0.06,0.0416310921001075,0.05410620876875649,-0.0
1985,0.03512964515607175,0.08444245076635759,0.0,-0.0,0.04931280561028584,0.0,0.0,1.55249688590688,0.24,0.06,0.03512964515607175,0.04931280561028584,-0.0
1986,0.1071976204591535,0.07987072572486695,0.0,0.0,0.0,0.027326894734286553,0.0,1.5453055978189099,0.24,0.06,0.07987072572486695,0.0,0.0
1987,0.33415755523452,0.07395437567117304,0.0,0.0,0.0,0.260203179563347,0.0,1.476831076881187,0.24,0.06,0.07395437567117302,0.0,0.0
1988,0.0604068405087785,0.06023920054670094,0.0,0.0,0.0,0.00016763996207756066,0.0,1.4767869611016928,0.24,0.06,0.06023920054670094,0.0,0.0
1989,0.09514894761596925,0.04060767536853504,0.0,0.0,0.0,0.05454127224743421,0.0,1.4624339947207892,0.24,0.06,0.04060767536853504,0.0,0.0
1990,0.14642305184073376,0.01774905016108154,0.0,0.0,0.0,0.1286740016796522,0.0,1.428572415331407,0.24,0.06,0.017749050161081553,0.0,0.0
1991,0.143681037343932,0.004571725041490702,0.0,0.0,0.0,0.1391093123024413,0.0,1.3919647015676067,0.24,0.06,0.0045717250414906985,0.0,0.0
1992,0.17559599693280126,0.0,0.0,0.0,0.0,0.17559599693280126,0.0,1.3457552286905536,0.24,0.06,0.0,0.0,0.0
1993,0.4290505814974525,0.0,0.0,0.0,0.0,0.4290505814974525,0.0,1.232847180928066,0.24,0.06,0.0,0.0,0.0
1994,0.2808778632635225,0.0,0.0,0.0,0.0,0.2808778632635225,0.0,1.158931953753455,0.24,0.06,0.0,0.0,0.0
1995,0.16856547176300174,0.0,0.0,0.0,0.0,0.16856547176300174,0.0,1.1145726190789809,0.24,0.06,0.0,0.0,0.0
1996,0.3702314979544425,0.0,0.0,0.0,0.0,0.3702314979544425,0.0,1.0171432775120224,0.24,0.06,0.0,0.0,0.0
1997,0.396153197286015,0.0,0.0,0.0,0.0,0.396153197286015,0.0,0.9128924361209658,0.24,0.06,0.0,0.0,0.0
1998,0.3807728462571,0.0,0.0,0.0,0.0,0.3807728462571,0.0,0.812689055526992,0.24,0.06,0.0,0.0,0.0
1999,0.31752684559506,0.0,0.0,0.0,0.0,0.31752684559506,0.0,0.7291293593177657,0.24,0.06,0.0,0.0,0.0
2000,0.262851076528835,0.0,0.0,0.0,0.0,0.262851076528835,0.0,0.6599580233891249,0.24,0.06,0.0,0.0,0.0
2001,0.1281539232533765,0.0,0.0,0.0,0.0,0.1281539232533765,0.0,0.6262333067434995,0.24,0.06,0.0,0.0,0.0
2002,0.13021539586649575,0.0,0.0,0.0,0.0,0.13021539586649575,0.0,0.591966097304948,0.24,0.06,0.0,0.0,0.0
2003,0.180579151278322,0.0,0.0,0.0,0.0,0.180579151278322,0.0,0.544445268021179,0.24,0.06,0.0,0.0,0.0
2004,0.1694773874413665,0.0,0.0,0.0,0.0,0.1694773874413665,0.0,0.4998459555366089,0.24,0.06,0.0,0.0,0.0
2005,0.1922387192071985,0.0,0.0,0.0,0.0,0.1922387192071985,0.0,0.44925681890313557,0.24,0.06,0.0,0.0,0.0
2006,0.2604986892348175,0.0,0.0,0.0,0.0,0.2604986892348175,0.0,0.3807045322623941,0.24,0.06,0.0,0.0,0.0
2007,0.172435629367059,0.0,0.0,0.0,0.0,0.172435629367059,0.0,0.33532673506053645,0.24,0.06,0.0,0.0,0.0
2008,0.2248608573920045,0.0,0.0,0.0,0.0,0.2248608573920045,0.0,0.2761528252205353,0.24,0.06,0.0,0.0,0.0
2009,0.295841428088925,0.0,0.295841428088925,0.0,0.0,0.0,0.0,0.2761528252205353,0.14,0.06,0.0,0.0,0.0
2010,0.1736833765352225,0.0,0.1736833765352225,0.0,0.0,0.0,0.0,0.2761528252205353,0.14,0.06,0.0,0.0,0.0
2011,0.1542364874354295,0.0,0.1542364874354295,0.0,0.0,0.0,0.0,0.2761528252205353,0.14,0.06,0.0,0.0,0.0
2012,0.138484789300374,0.0,0.138484789300374,0.0,0.0,0.0,0.0,0.2761528252205353,0.14,0.06,0.0,0.0,0.0
2013,0.18270747681631574,0.0,0.18270747681631574,0.0,0.0,0.0,0.0,0.2761528252205353,0.14,0.06,0.0,0.0,0.0
2014,0.29068748541189,0.0,0.29068748541189,0.0,0.0,0.0,0.0,0.2761528252205353,0.14,0.06,0.0,0.0,0.0
2015,0.196316747624537,0.0,0.196316747624537,0.0,0.0,0.0,0.0,0.2761528252205353,0.14,0.06,0.0,0.0,0.0
2016,0.157220843784901,0.0,0.157220843784901,0.0,0.0,0.0,0.0,0.2761528252205353,0.14,0.06,0.0,0.0,0.0
2017,0.108560271091945,0.0,0.108560271091945,0.0,0.0,0.0,0.0,0.2761528252205353,0.14,0.06,0.0,0.0,0.0
2018,0.06879792715746726,0.0,0.06879792715746726,0.0,0.0,0.0,0.0,0.2761528252205353,0.14,0.06,0.0,0.0,0.0
2019,0.06247771431445825,0.0,0.06247771431445825,0.0,0.0,0.0,0.0,0.2761528252205353,0.14,0.06,0.0,0.0,0.0
2020,0.0771346958046955,0.0,0.0771346958046955,0.0,0.0,0.0,0.0,0.2761528252205353,0.14,0.06,0.0,0.0,0.0
2021,0.02981797135941025,0.0,0.02981797135941025,0.0,0.0,0.0,0.0,0.2761528252205353,0.14,0.06,0.0,0.0,0.0
2022,0.0197743639739825,0.0,0.0197743639739825,0.0,0.0,0.0,0.0,0.2761528252205353,0.14,0.06,0.0,0.0,0.0
2023,0.028562389864113,0.0,0.028562389864113,0.0,0.0,0.0,0.0,0.2761528252205353,0.14,0.06,0.0,0.0,0.0
2024,0.02336770868598165,0.0,0.02336770868598165,0.0,0.0,0.0,0.0,0.2761528252205353,0.14,0.06,0.0,0.0,0.0
2025,0.02164676815894135,0.0,0.02164676815894135,0.0,0.0,0.0,0.0,0.2761528252205353,0.14,0.06,0.0,0.0,0.0
2026,0.02537329643221375,0.0,0.02537329643221375,0.0,0.0,0.0,0.0,0.2761528252205353,0.14,0.06,0.0,0.0,0.0
2027,0.0481382842173745,0.0,0.0481382842173745,0.0,0.0,0.0,0.0,0.2761528252205353,0.14,0.06,0.0,0.0,0.0
2028,0.083705084827508,0.0,0.083705084827508,0.0,0.0,0.0,0.0,0.2761528252205353,0.14,0.06,0.0,0.0,0.0
2029,0.02169690785259715,0.0,0.02169690785259715,0.0,0.0,0.0,0.0,0.2761528252205353,0.14,0.06,0.0,0.0,0.0
2030,0.0252625712753905,0.0,0.0252625712753905,0.0,0.0,0.0,0.0,0.2761528252205353,0.14,0.06,0.0,0.0,0.0
2031,0.025445372241844,0.0,0.025445372241844,0.0,0.0,0.0,0.0,0.2761528252205353,0.14,0.06,0.0,0.0,0.0
2032,0.020256436236944,0.0,0.020256436236944,0.0,0.0,0.0,0.0,0.2761528252205353,0.14,0.06,0.0,0.0,0.0
2033,0.033148604968192,0.0,0.033148604968192,0.0,0.0,0.0,0.0,0.2761528252205353,0.14,0.06,0.0,0.0,0.0
2034,0.023444485091892075,0.0,0.023444485091892075,0.0,0.0,0.0,0.0,0.2761528252205353,0.14,0.06,0.0,0.0,0.0
2035,0.024834817013889426,0.0,0.024834817013889426,0.0,0.0,0.0,0.0,0.2761528252205353,0.14,0.06,0.0,0.0,0.0
2036,0.0533470671843465,0.0,0.0533470671843465,0.0,0.0,0.0,0.0,0.2761528252205353,0.14,0.06,0.0,0.0,0.0
2037,0.07135191780305974,0.0,0.07135191780305974,0.0,0.0,0.0,0.0,0.2761528252205353,0.14,0.06,0.0,0.0,0.0
2038,0.06597652481237724,0.0,0.06597652481237724,0.0,0.0,0.0,0.0,0.2761528252205353,0.14,0.06,0.0,0.0,0.0
2039,0.020231366390116124,0.0,0.020231366390116124,0.0,0.0,0.0,0.0,0.2761528252205353,0.14,0.06,0.0,0.0,0.0
2040,0.024590908295792975,0.0,0.024590908295792975,0.0,0.0,0.0,0.0,0.2761528252205353,0.14,0.06,0.0,0.0,0.0
2041,0.0251043178672895,0.0,0.0251043178672895,0.0,0.0,0.0,0.0,0.2761528252205353,0.14,0.06,0.0,0.0,0.0
2042,0.01991799330476735,0.0,0.01991799330476735,0.0,0.0,0.0,0.0,0.2761528252205353,0.14,0.06,0.0,0.0,0.0
2043,0.030342348988894,0.0,0.030342348988894,0.0,0.0,0.0,0.0,0.2761528252205353,0.14,0.06,0.0,0.0,0.0
2044,0.01995664265196035,0.0,0.01995664265196035,0.0,0.0,0.0,0.0,0.2761528252205353,0.14,0.06,0.0,0.0,0.0
2045,0.02391924531619545,0.0,0.02391924531619545,0.0,0.0,0.0,0.0,0.2761528252205353,0.14,0.06,0.0,0.0,0.0
2046,0.02664559115872975,0.0,0.02664559115872975,0.0,0.0,0.0,0.0,0.2761528252205353,0.14,0.06,0.0,0.0,0.0
2047,0.06059381978303675,0.0,0.06059381978303675,0.0,0.0,0.0,0.0,0.2761528252205353,0.14,0.06,0.0,0.0,0.0
2048,0.079270855669823,0.0,0.079270855669823,0.0,0.0,0.0,0.0,0.2761528252205353,0.14,0.06,0.0,0.0,0.0
2049,0.035753257595916,0.008605600078100134,0.0,0.0,0.0,0.027147657517815865,0.0,0.26900870482111006,0.24,0.06,0.008605600078100135,0.0,0.0
2050,0.022115783210013326,0.026085725236741013,0.0,-0.0,0.003969942026727624,0.0,0.0,0.26995156605245785,0.24,0.06,0.022115783210013326,0.003969942026727624,-0.0
2051,0.024988369825710326,0.06481092558819165,0.0,-0.0,0.039822555762481324,0.0,0.0,0.27940942304604716,0.24,0.06,0.024988369825710326,0.039822555762481324,-0.0
2052,0.018934524105247826,0.06346630057598857,0.0,-0.0,0.04453177647074069,0.0,0.0,0.28998571995784805,0.24,0.06,0.018934524105247826,0.04453177647074069,-0.0
2053,0.0274828195850865,0.08793847579808578,0.0,-0.0,0.0604556562129992,0.0,0.0,0.30434393830843537,0.24,0.06,0.0274828195850865,0.0604556562129992,-0.0
2054,0.0221001145557459,0.1535561763935991,0.0,-0.0,0.13145606183785308,0.0,0.0,0.3355647529949255,0.24,0.06,0.0221001145557459,0.13145606183785308,-0.0
2055,0.20640213808801125,0.14979122635943035,0.0,0.0,0.0,0.056610911728580904,0.0,0.32066714464529894,0.24,0.06,0.14979122635943035,0.0,0.0
2056,0.091896134990049,0.10622537596404857,0.0,-0.0,0.014329240973999458,0.0,0.0,0.32407033937662383,0.24,0.06,0.091896134990049,0.014329240973999458,-0.0
2057,0.2073673271908855,0.09116557582737334,0.0,0.0,0.0,0.11620175136351216,0.0,0.293490931123068,0.24,0.06,0.09116557582737334,0.0,0.0
2058,0.3266674162062075,0.093585900849339,0.0,0.0,0.0,0.2330815153568685,0.0,0.23215369023968155,0.24,0.06,0.09358590084933899,0.0,0.0
2059,0.30519039180183,0.14306810129841477,0.0,0.0,0.0,0.16212229050341523,0.0,0.18948992958088806,0.24,0.06,0.14306810129841477,0.0,0.0
2060,0.26795540180069,0.13607605123495836,0.0,0.0,0.0,0.13187935056573163,0.0,0.1547848373267482,0.24,0.06,0.13607605123495836,0.0,0.0
2061,0.15191230371909276,0.1419924012886523,0.0,0.0,0.0,0.00991990243044047,0.0,0.1521743366871586,0.24,0.06,0.1419924012886523,0.0,0.0
2062,0.1049225318595215,0.29501072767737,0.0,-0.0,0.19008819581784842,0.0,0.0,0.1973202831938976,0.24,0.06,0.1049225318595215,0.19008819581784842,-0.0
2063,0.08594935840708075,0.1699606015424776,0.0,-0.0,0.08401124313539676,0.0,0.0,0.21727295343855435,0.24,0.06,0.08594935840708075,0.08401124313539676,-0.0
2064,0.08645493365144324,0.14817767634478685,0.0,-0.0,0.061722742693343546,0.0,0.0,0.23193210482822343,0.24,0.06,0.08645493365144324,0.061722742693343546,-0.0
2065,0.06270490980133625,0.14898445135210864,0.0,-0.0,0.08627954155077239,0.0,0.0,0.25242349594653185,0.24,0.06,0.06270490980133625,0.08627954155077239,-0.0
2066,0.029132206590972,0.13123540119102717,0.0,-0.0,0.10210319460005517,0.0,0.0,0.27667300466404493,0.24,0.06,0.029132206590972,0.10210319460005517,-0.0
2067,0.0196542376245988,0.16027930145461505,0.0,-0.0,0.14062506383001616,0.0,0.0,0.31007145732367375,0.24,0.06,0.0196542376245988,0.14062506383001616,-0.0
2068,0.286159766617075,0.11241065102018301,0.0,0.0,0.0,0.173749115596892,0.0,0.2643480058508074,0.24,0.06,0.112410651020183,0.0,0.0
2069,0.40515953975894,0.10622537596404857,0.0,0.0,0.0,0.2989341637948914,0.0,0.18568112064162548,0.24,0.06,0.10622537596404857,0.0,0.0
2070,0.17148297518759875,0.09950225090303288,0.0,0.0,0.0,0.07198072428456587,0.0,0.16673882477726606,0.24,0.06,0.09950225090303288,0.0,0.0
2071,0.0846697516419065,0.1826000766571874,0.0,-0.0,0.09793032501528089,0.0,0.0,0.18999727696839527,0.24,0.06,0.0846697516419065,0.09793032501528089,-0.0
2072,0.26583386601288,0.4270529038757194,0.0,-0.0,0.16121903786283942,0.0,0.0,0.22828679846081962,0.24,0.06,0.26583386601288,0.16121903786283942,-0.0
2073,0.16917028181772475,0.4060767536853503,0.0,-0.0,0.23690647186762548,0.0,0.0,0.28455208552938066,0.24,0.06,0.16917028181772475,0.23690647186762548,-0.0
2074,0.2794635060716475,0.38590737850230306,0.0,-0.0,0.10644387243065556,0.0,0.0,0.30983250523166134,0.24,0.06,0.2794635060716475,0.10644387243065556,-0.0
2075,0.0699615858810625,0.4165648287805345,0.0,-0.0,0.34660324289947203,0.0,0.0,0.3921507754202859,0.24,0.06,0.0699615858810625,0.34660324289947203,-0.0
2076,0.03830724824150825,0.3934372785706405,0.0,-0.0,0.3551300303291322,0.0,0.0,0.4764941576234548,0.24,0.06,0.03830724824150825,0.3551300303291322,-0.0
2077,0.04304388242655475,0.3428793781118028,0.0,-0.0,0.29983549568524803,0.0,0.0,0.5477050878487012,0.24,0.06,0.04304388242655475,0.29983549568524803,-0.0
2078,0.07307129146467325,0.3054988027725548,0.0,-0.0,0.23242751130788153,0.0,0.0,0.6029066217843231,0.24,0.06,0.07307129146467325,0.23242751130788153,-0.0
2079,0.09885458435021825,0.25332735229907294,0.0,-0.0,0.15447276794885467,0.0,0.0,0.6395939041721761,0.24,0.06,0.09885458435021825,0.15447276794885467,-0.0
2080,0.137626669334994,0.2054587018646411,0.0,-0.0,0.06783203252964709,0.0,0.0,0.6557040118979672,0.24,0.06,0.137626669334994,0.06783203252964709,-0.0
2081,0.14606737338886275,0.1549008014058025,0.0,-0.0,0.00883342801693976,0.0,0.0,0.6578019510519905,0.24,0.06,0.14606737338886275,0.00883342801693976,-0.0
2082,0.0540281313565045,0.117520226066555,0.0,-0.0,0.0634920947100505,0.0,0.0,0.6728813235456275,0.24,0.06,0.0540281313565045,0.0634920947100505,-0.0
2083,0.06091607177247025,0.05566747550521023,0.0,0.0,0.0,0.005248596267260021,0.0,0.6715001140016117,0.24,0.06,0.05566747550521023,0.0,0.0
2084,0.1086234679974905,0.0330777753001974,0.0,0.0,0.0,0.0755456926972931,0.0,0.6516196685549556,0.24,0.06,0.0330777753001974,0.0,0.0
2085,0.1359856389447175,0.028506050258706703,0.0,0.0,0.0,0.10747958868601079,0.0,0.6233355662691633,0.24,0.06,0.0285060502587067,0.0,0.0
2086,0.1446033987918085,0.016135500146437762,0.0,0.0,0.0,0.12846789864537073,0.0,0.5895282245203816,0.24,0.06,0.016135500146437776,0.0,0.0
2087,0.2658996743608025,0.00026892500244062945,0.0,0.0,0.0,0.26563074935836184,0.0,0.5196253957418653,0.24,0.06,0.0002689250024406342,0.0,0.0
2088,0.2956445253336325,0.0,0.2956445253336325,0.0,0.0,0.0,0.0,0.5196253957418653,0.24,0.06,0.0,0.0,0.0
2089,0.24932798331908476,0.0,0.24932798331908476,0.0,0.0,0.0,0.0,0.5196253957418653,0.24,0.06,0.0,0.0,0.0
2090,0.20011691857286626,0.0,0.20011691857286626,0.0,0.0,0.0,0.0,0.5196253957418653,0.24,0.06,0.0,0.0,0.0
2091,0.3834015241547,0.0,0.3834015241547,0.0,0.0,0.0,0.0,0.5196253957418653,0.24,0.06,0.0,0.0,0.0
2092,0.273883898287015,0.0,0.273883898287015,0.0,0.0,0.0,0.0,0.5196253957418653,0.24,0.06,0.0,0.0,0.0
2093,0.20909505746810825,0.0,0.20909505746810825,0.0,0.0,0.0,0.0,0.5196253957418653,0.24,0.06,0.0,0.0,0.0
2094,0.3531516202259825,0.0,0.3531516202259825,0.0,0.0,0.0,0.0,0.5196253957418653,0.24,0.06,0.0,0.0,0.0
2095,0.4099285558294725,0.0,0.4099285558294725,0.0,0.0,0.0,0.0,0.5196253957418653,0.24,0.06,0.0,0.0,0.0
2096,0.32548182136664,0.0,0.32548182136664,0.0,0.0,0.0,0.0,0.5196253957418653,0.24,0.06,0.0,0.0,0.0
2097,0.2610789517311875,0.0,0.2610789517311875,0.0,0.0,0.0,0.0,0.5196253957418653,0.24,0.06,0.0,0.0,0.0
2098,0.235432498426245,0.0,0.235432498426245,0.0,0.0,0.0,0.0,0.5196253957418653,0.24,0.06,0.0,0.0,0.0
2099,0.237552989637105,0.0,0.237552989637105,0.0,0.0,0.0,0.0,0.5196253957418653,0.24,0.06,0.0,0.0,0.0
2100,0.29063421198738,0.0,0.29063421198738,0.0,0.0,0.0,0.0,0.5196253957418653,0.24,0.06,0.0,0.0,0.0
2101,0.33304508078153,0.0,0.33304508078153,0.0,0.0,0.0,0.0,0.5196253957418653,0.24,0.06,0.0,0.0,0.0
2102,0.5067765078565075,0.0,0.5067765078565075,0.0,0.0,0.0,0.0,0.5196253957418653,0.24,0.06,0.0,0.0,0.0
2103,0.354151280368245,0.0,0.1838964856178908,0.0,0.0,0.1702547947503542,0.0,0.4748215023865089,0.24,0.06,0.0,0.0,0.0
2104,0.2944913123795475,0.0,0.0,0.0,0.0,0.2944913123795475,0.0,0.39732378860241746,0.24,0.06,0.0,0.0,0.0
2105,0.17088652174848476,0.0,0.17088652174848476,0.0,0.0,0.0,0.0,0.39732378860241746,0.14,0.06,0.0,0.0,0.0
2106,0.1743968225928665,0.0,0.1743968225928665,0.0,0.0,0.0,0.0,0.39732378860241746,0.14,0.06,0.0,0.0,0.0
2107,0.20764622923684575,0.0,0.20764622923684575,0.0,0.0,0.0,0.0,0.39732378860241746,0.14,0.06,0.0,0.0,0.0
2108,0.4380438667584875,0.0,0.4380438667584875,0.0,0.0,0.0,0.0,0.39732378860241746,0.14,0.06,0.0,0.0,0.0
2109,0.21662018982428324,0.0,0.21662018982428324,0.0,0.0,0.0,0.0,0.39732378860241746,0.14,0.06,0.0,0.0,0.0
2110,0.17263409898777976,0.0,0.17263409898777976,0.0,0.0,0.0,0.0,0.39732378860241746,0.14,0.06,0.0,0.0,0.0
2111,0.18384502111613174,0.0,0.18384502111613174,0.0,0.0,0.0,0.0,0.39732378860241746,0.14,0.06,0.0,0.0,0.0
2112,0.17600390423223025,0.0,0.17600390423223025,0.0,0.0,0.0,0.0,0.39732378860241746,0.14,0.06,0.0,0.0,0.0
2113,0.0781077192347035,0.0,0.0781077192347035,0.0,0.0,0.0,0.0,0.39732378860241746,0.14,0.06,0.0,0.0,0.0
2114,0.093116200869007,0.0,0.093116200869007,0.0,0.0,0.0,0.0,0.39732378860241746,0.14,0.06,0.0,0.0,0.0
2115,0.05246439966061425,0.0,0.05246439966061425,0.0,0.0,0.0,0.0,0.39732378860241746,0.14,0.06,0.0,0.0,0.0
2116,0.0235055928435351,0.0,0.0235055928435351,0.0,0.0,0.0,0.0,0.39732378860241746,0.14,0.06,0.0,0.0,0.0
2117,0.032730774187727,0.0,0.032730774187727,0.0,0.0,0.0,0.0,0.39732378860241746,0.14,0.06,0.0,0.0,0.0
2118,0.021717277103144826,0.0,0.021717277103144826,0.0,0.0,0.0,0.0,0.39732378860241746,0.14,0.06,0.0,0.0,0.0
2119,0.02720496211607725,0.0,0.02720496211607725,0.0,0.0,0.0,0.0,0.39732378860241746,0.14,0.06,0.0,0.0,0.0
2120,0.035509871166295,0.0,0.035509871166295,0.0,0.0,0.0,0.0,0.39732378860241746,0.14,0.06,0.0,0.0,0.0
2121,0.07820643175658824,0.0,0.07820643175658824,0.0,0.0,0.0,0.0,0.39732378860241746,0.14,0.06,0.0,0.0,0.0
2122,0.05353822476640925,0.0,0.05353822476640925,0.0,0.0,0.0,0.0,0.39732378860241746,0.14,0.06,0.0,0.0,0.0
2123,0.02567987976738,0.0,0.02567987976738,0.0,0.0,0.0,0.0,0.39732378860241746,0.14,0.06,0.0,0.0,0.0
2124,0.0297317937609395,0.0,0.0297317937609395,0.0,0.0,0.0,0.0,0.39732378860241746,0.14,0.06,0.0,0.0,0.0
2125,0.020786559039659,0.0,0.020786559039659,0.0,0.0,0.0,0.0,0.39732378860241746,0.14,0.06,0.0,0.0,0.0
2126,0.0268555511259135,0.0,0.0268555511259135,0.0,0.0,0.0,0.0,0.39732378860241746,0.14,0.06,0.0,0.0,0.0
2127,0.0296168902963115,0.0,0.0296168902963115,0.0,0.0,0.0,0.0,0.39732378860241746,0.14,0.06,0.0,0.0,0.0
2128,0.02417621124618145,0.0,0.02417621124618145,0.0,0.0,0.0,0.0,0.39732378860241746,0.14,0.06,0.0,0.0,0.0
2129,0.03792441078890725,0.0,0.03792441078890725,0.0,0.0,0.0,0.0,0.39732378860241746,0.14,0.06,0.0,0.0,0.0
2130,0.08380954252262425,0.0,0.08380954252262425,0.0,0.0,0.0,0.0,0.39732378860241746,0.14,0.06,0.0,0.0,0.0
2131,0.07933039655603925,0.0,0.07933039655603925,0.0,0.0,0.0,0.0,0.39732378860241746,0.14,0.06,0.0,0.0,0.0
2132,0.020645018862776476,0.0,0.020645018862776476,0.0,0.0,0.0,0.0,0.39732378860241746,0.14,0.06,0.0,0.0,0.0
2133,0.020319110854013774,0.0,0.020319110854013774,0.0,0.0,0.0,0.0,0.39732378860241746,0.14,0.06,0.0,0.0,0.0
2134,0.037074125150661,0.0,0.037074125150661,0.0,0.0,0.0,0.0,0.39732378860241746,0.14,0.06,0.0,0.0,0.0
2135,0.0238570929876013,0.0,0.0238570929876013,0.0,0.0,0.0,0.0,0.39732378860241746,0.14,0.06,0.0,0.0,0.0
2136,0.02049512207028465,0.0,0.02049512207028465,0.0,0.0,0.0,0.0,0.39732378860241746,0.14,0.06,0.0,0.0,0.0
2137,0.02378292802406875,0.0,0.02378292802406875,0.0,0.0,0.0,0.0,0.39732378860241746,0.14,0.06,0.0,0.0,0.0
2138,0.03793433426994325,0.0,0.03793433426994325,0.0,0.0,0.0,0.0,0.39732378860241746,0.14,0.06,0.0,0.0,0.0
2139,0.020493032916382325,0.0,0.020493032916382325,0.0,0.0,0.0,0.0,0.39732378860241746,0.14,0.06,0.0,0.0,0.0
2140,0.05476194666469625,0.0,0.05476194666469625,0.0,0.0,0.0,0.0,0.39732378860241746,0.14,0.06,0.0,0.0,0.0
2141,0.081976309973334,0.0,0.081976309973334,0.0,0.0,0.0,0.0,0.39732378860241746,0.14,0.06,0.0,0.0,0.0
2142,0.0674754927372955,0.0,0.0674754927372955,0.0,0.0,0.0,0.0,0.39732378860241746,0.14,0.06,0.0,0.0,0.0
2143,0.04309506669716175,0.0,0.04309506669716175,0.0,0.0,0.0,0.0,0.39732378860241746,0.14,0.06,0.0,0.0,0.0
2144,0.2574062191709,0.0,0.2574062191709,0.0,0.0,0.0,0.0,0.39732378860241746,0.14,0.06,0.0,0.0,0.0
2145,0.2905506458312875,0.0029581750268469235,0.0,0.0,0.0,0.28759247080444056,0.0,0.32164155944335415,0.24,0.06,0.002958175026846921,0.0,0.0
2146,0.192055918240745,0.01748012515864089,0.0,0.0,0.0,0.1745757930821041,0.0,0.27570056126385306,0.24,0.06,0.01748012515864089,0.0,0.0
2147,0.19127875298908,0.03146422528555361,0.0,0.0,0.0,0.1598145277035264,0.0,0.23364410660503035,0.24,0.06,0.03146422528555362,0.0,0.0
2148,0.1766170709025625,0.06400415058086975,0.0,0.0,0.0,0.11261292032169276,0.0,0.20400912757300593,0.24,0.06,0.06400415058086975,0.0,0.0
2149,0.1834600945096285,0.03280885029775676,0.0,0.0,0.0,0.15065124421187173,0.0,0.1643640633067239,0.24,0.06,0.032808850297756764,0.0,0.0
2150,0.18157881142058474,0.08578707577856073,0.0,0.0,0.0,0.095791735642024,0.0,0.13915571182198075,0.24,0.06,0.08578707577856073,0.0,0.0
2151,0.14540145558249676,0.07260975065896991,0.0,0.0,0.0,0.07279170492352685,0.0,0.12,0.24,0.06,0.07260975065896991,0.0,0.0
2152,0.140855978979513,0.14441272631061794,0.0,-0.0,0.0035567473311048925,0.0,0.0,0.12084472749113741,0.24,0.06,0.140855978979513,0.0035567473311048925,-0.0
2153,0.13012556224869576,0.21137505191833458,0.0,-0.0,0.08124948966963874,0.0,0.0,0.14014148128767662,0.24,0.06,0.13012556224869576,0.08124948966963874,-0.0
2154,0.164890650048812,0.07879502571510441,0.009557995440536426,0.0,0.0,0.07653762889317117,0.0,0.12,0.24,0.06,0.07879502571510441,0.0,0.0
2155,0.0920340191476025,0.11563775104947058,0.0,-0.0,0.02360373190186804,0.0,0.0,0.12560588632669364,0.24,0.06,0.0920340191476025,0.02360373190186804,-0.0
2156,0.09510089707621575,0.10837677598357359,0.0,-0.0,0.013275878907357846,0.0,0.0,0.12875890756719113,0.24,0.06,0.09510089707621575,0.013275878907357846,-0.0
2157,0.163902480253012,0.21567785195738462,0.0,-0.0,0.05177537170437263,0.0,0.0,0.14105555834697964,0.24,0.06,0.163902480253012,0.05177537170437263,-0.0
2158,0.18161432703692426,0.12962185117638336,0.0,0.0,0.0,0.0519924758605409,0.0,0.1273733278573636,0.24,0.06,0.12962185117638336,0.0,0.0
2159,0.076444230439977,0.13446250122031458,0.0,-0.0,0.05801827078033758,0.0,0.0,0.14115266716769378,0.24,0.06,0.076444230439977,0.05801827078033758,-0.0
2160,0.132261722113823,0.2748413524943234,0.0,-0.0,0.1425796303805004,0.0,0.0,0.17501532938306263,0.24,0.06,0.132261722113823,0.1425796303805004,-0.0
2161,0.1419580076629895,0.10299827593476096,0.0,0.0,0.0,0.03895973172822853,0.0,0.16476276840194987,0.24,0.06,0.10299827593476096,0.0,0.0
2162,0.06598018083170624,0.1142931260372675,0.0,-0.0,0.04831294520556126,0.0,0.0,0.17623709288827066,0.24,0.06,0.06598018083170624,0.04831294520556126,-0.0
2163,0.039320487884136,0.2791441525333732,0.0,-0.0,0.2398236646492372,0.0,0.0,0.2331952132424645,0.24,0.06,0.039320487884136,0.2398236646492372,-0.0
2164,0.0544783440224555,0.27833737752605175,0.0,-0.0,0.22385903350359626,0.0,0.0,0.28636173369956863,0.24,0.06,0.0544783440224555,0.22385903350359626,-0.0
2165,0.08462013423672625,0.1616239264668181,0.0,-0.0,0.07700379223009186,0.0,0.0,0.30465013435421545,0.24,0.06,0.08462013423672625,0.07700379223009186,-0.0
2166,0.1061201393340295,0.143605951303296,0.0,-0.0,0.03748581196926648,0.0,0.0,0.31355301469691627,0.24,0.06,0.1061201393340295,0.03748581196926648,-0.0
2167,0.36239403708987,0.08632492578344197,0.0,0.0,0.0,0.27606911130642803,0.0,0.24090324856364576,0.24,0.06,0.08632492578344197,0.0,0.0
2168,0.1151270040954285,0.07287867566141054,0.0,0.0,0.0,0.04224832843401796,0.0,0.22978526739679891,0.24,0.06,0.07287867566141054,0.0,0.0
2169,0.034554605544457,0.06534877559307291,0.0,-0.0,0.030794170048615843,0.0,0.0,0.23709888278334518,0.24,0.06,0.034554605544457,0.030794170048615843,-0.0
2170,0.07162873069511776,0.07798825070778248,0.0,-0.0,0.00635952001266471,0.0,0.0,0.23860926878635305,0.24,0.06,0.07162873069511776,0.00635952001266471,-0.0
2171,0.111644906828728,0.06373522557842909,0.0,0.0,0.0,0.047909681250298916,0.0,0.22600145793101123,0.24,0.06,0.06373522557842909,0.0,0.0
2172,0.1202146161360655,0.07664362569557934,0.0,0.0,0.0,0.043570990440486165,0.0,0.2145354078150938,0.24,0.06,0.07664362569557934,0.0,0.0
2173,0.13479795495124575,0.07825717571022318,0.0,0.0,0.0,0.05654077924102256,0.0,0.19965625538324577,0.24,0.06,0.07825717571022318,0.0,0.0
2174,0.07183764608535025,0.0750300756809356,0.0,-0.0,0.0031924295955853554,0.0,0.0,0.2004144574121973,0.24,0.06,0.07183764608535025,0.0031924295955853554,-0.0
2175,0.1205864855306795,0.06373522557842909,0.0,0.0,0.0,0.056851259952250405,0.0,0.18545359953002613,0.24,0.06,0.06373522557842909,0.0,0.0
2176,0.0586007669602185,0.06507985059063227,0.0,-0.0,0.006479083630413773,0.0,0.0,0.1869923818922494,0.24,0.06,0.0586007669602185,0.006479083630413773,-0.0
2177,0.0661582812018795,0.03603595032704432,0.03012233087483518,0.0,0.0,0.0,0.0,0.1869923818922494,0.24,0.06,0.03603595032704432,0.0,0.0
2178,0.135306663926462,0.03684272533436615,0.09846393859209586,0.0,0.0,0.0,0.0,0.1869923818922494,0.24,0.06,0.03684272533436615,0.0,0.0
2179,0.25139572339391,0.035229175319722424,0.21616654807418756,0.0,0.0,0.0,0.0,0.1869923818922494,0.24,0.06,0.03522917531972242,0.0,0.0
2180,0.221125972503123,0.019362600175725303,0.2017633723273977,0.0,0.0,0.0,0.0,0.1869923818922494,0.24,0.06,0.019362600175725303,0.0,0.0
2181,0.283396338292775,0.022858625207453485,0.26053771308532153,0.0,0.0,0.0,0.0,0.1869923818922494,0.24,0.06,0.022858625207453465,0.0,0.0
2182,0.278202701691595,0.004302800039050067,0.16881055676231438,0.0,0.0,0.10508934489023052,0.0,0.15933729113166242,0.24,0.06,0.004302800039050092,0.0,0.0
2183,0.1184957647629275,0.0,0.1184957647629275,0.0,0.0,0.0,0.0,0.15933729113166242,0.24,0.06,0.0,0.0,0.0
2184,0.07422711586113474,0.0,0.07422711586113474,0.0,0.0,0.0,0.0,0.15933729113166242,0.24,0.06,0.0,0.0,0.0
2185,0.1161971731818945,0.0,0.1161971731818945,0.0,0.0,0.0,0.0,0.15933729113166242,0.24,0.06,0.0,0.0,0.0
2186,0.1264324604378605,0.0,0.1264324604378605,0.0,0.0,0.0,0.0,0.15933729113166242,0.24,0.06,0.0,0.0,0.0
2187,0.08139604747696325,0.0,0.08139604747696325,0.0,0.0,0.0,0.0,0.15933729113166242,0.24,0.06,0.0,0.0,0.0
2188,0.07215206374765025,0.0,0.07215206374765025,0.0,0.0,0.0,0.0,0.15933729113166242,0.24,0.06,0.0,0.0,0.0
2189,0.06039221643146225,0.0,0.06039221643146225,0.0,0.0,0.0,0.0,0.15933729113166242,0.24,0.06,0.0,0.0,0.0
2190,0.275043378702805,0.0,0.275043378702805,0.0,0.0,0.0,0.0,0.15933729113166242,0.24,0.06,0.0,0.0,0.0
2191,0.23199949627624925,0.0,0.23199949627624925,0.0,0.0,0.0,0.0,0.15933729113166242,0.24,0.06,0.0,0.0,0.0
2192,0.2149770702801045,0.0,0.2149770702801045,0.0,0.0,0.0,0.0,0.15933729113166242,0.24,0.06,0.0,0.0,0.0
2193,0.1890752179106025,0.0,0.1890752179106025,0.0,0.0,0.0,0.0,0.15933729113166242,0.24,0.06,0.0,0.0,0.0
2194,0.139552346944462,0.0,0.139552346944462,0.0,0.0,0.0,0.0,0.15933729113166242,0.24,0.06,0.0,0.0,0.0
2195,0.1552904655791525,0.0,0.1552904655791525,0.0,0.0,0.0,0.0,0.15933729113166242,0.24,0.06,0.0,0.0,0.0
2196,0.1909413546338545,0.0,0.1909413546338545,0.0,0.0,0.0,0.0,0.15933729113166242,0.24,0.06,0.0,0.0,0.0
2197,0.201240883372317,0.0,0.201240883372317,0.0,0.0,0.0,0.0,0.15933729113166242,0.24,0.06,0.0,0.0,0.0
2198,0.21206740118264125,0.0,0.21206740118264125,0.0,0.0,0.0,0.0,0.15933729113166242,0.24,0.06,0.0,0.0,0.0
2199,0.3657387724874925,0.0,0.3657387724874925,0.0,0.0,0.0,0.0,0.15933729113166242,0.24,0.06,0.0,0.0,0.0
2200,0.2905229645420825,0.0,0.2905229645420825,0.0,0.0,0.0,0.0,0.15933729113166242,0.24,0.06,0.0,0.0,0.0
2201,0.21330626944672024,0.0,0.21330626944672024,0.0,0.0,0.0,0.0,0.15933729113166242,0.14,0.06,0.0,0.0,0.0
2202,0.1893823235342445,0.0,0.1893823235342445,0.0,0.0,0.0,0.0,0.15933729113166242,0.14,0.06,0.0,0.0,0.0
2203,0.3931662294941675,0.0,0.3931662294941675,0.0,0.0,0.0,0.0,0.15933729113166242,0.14,0.06,0.0,0.0,0.0
2204,0.144105135586104,0.0,0.144105135586104,0.0,0.0,0.0,0.0,0.15933729113166242,0.14,0.06,0.0,0.0,0.0
2205,0.291645362476105,0.0,0.291645362476105,0.0,0.0,0.0,0.0,0.15933729113166242,0.14,0.06,0.0,0.0,0.0
2206,0.238456026411385,0.0,0.238456026411385,0.0,0.0,0.0,0.0,0.15933729113166242,0.14,0.06,0.0,0.0,0.0
2207,0.161096224273714,0.0,0.161096224273714,0.0,0.0,0.0,0.0,0.15933729113166242,0.14,0.06,0.0,0.0,0.0
2208,0.14183474758275225,0.0,0.14183474758275225,0.0,0.0,0.0,0.0,0.15933729113166242,0.14,0.06,0.0,0.0,0.0
2209,0.339979504871825,0.0,0.339979504871825,0.0,0.0,0.0,0.0,0.15933729113166242,0.14,0.06,0.0,0.0,0.0
2210,0.097616238374615,0.0,0.097616238374615,0.0,0.0,0.0,0.0,0.15933729113166242,0.14,0.06,0.0,0.0,0.0
2211,0.054510203619466,0.0,0.054510203619466,0.0,0.0,0.0,0.0,0.15933729113166242,0.14,0.06,0.0,0.0,0.0
2212,0.0314229638448715,0.0,0.0314229638448715,0.0,0.0,0.0,0.0,0.15933729113166242,0.14,0.06,0.0,0.0,0.0
2213,0.02994279830507425,0.0,0.02994279830507425,0.0,0.0,0.0,0.0,0.15933729113166242,0.14,0.06,0.0,0.0,0.0
2214,0.0215005273857786,0.0,0.0215005273857786,0.0,0.0,0.0,0.0,0.15933729113166242,0.14,0.06,0.0,0.0,0.0
2215,0.02441855309885115,0.0,0.02441855309885115,0.0,0.0,0.0,0.0,0.15933729113166242,0.14,0.06,0.0,0.0,0.0
2216,0.03829680247199675,0.0,0.03829680247199675,0.0,0.0,0.0,0.0,0.15933729113166242,0.14,0.06,0.0,0.0,0.0
2217,0.0539769470858975,0.0,0.0539769470858975,0.0,0.0,0.0,0.0,0.15933729113166242,0.14,0.06,0.0,0.0,0.0
2218,0.10613894171915025,0.0,0.10613894171915025,0.0,0.0,0.0,0.0,0.15933729113166242,0.14,0.06,0.0,0.0,0.0
2219,0.0893123739013485,0.0,0.0893123739013485,0.0,0.0,0.0,0.0,0.15933729113166242,0.14,0.06,0.0,0.0,0.0
2220,0.04513564777125775,0.0,0.04513564777125775,0.0,0.0,0.0,0.0,0.15933729113166242,0.14,0.06,0.0,0.0,0.0
2221,0.036978024071154,0.0,0.036978024071154,0.0,0.0,0.0,0.0,0.15933729113166242,0.14,0.06,0.0,0.0,0.0
2222,0.0208142403288648,0.0,0.0208142403288648,0.0,0.0,0.0,0.0,0.15933729113166242,0.14,0.06,0.0,0.0,0.0
2223,0.02641160592166925,0.0,0.02641160592166925,0.0,0.0,0.0,0.0,0.15933729113166242,0.14,0.06,0.0,0.0,0.0
2224,0.02795653523243875,0.0,0.02795653523243875,0.0,0.0,0.0,0.0,0.15933729113166242,0.14,0.06,0.0,0.0,0.0
2225,0.020755221731124124,0.0,0.020755221731124124,0.0,0.0,0.0,0.0,0.15933729113166242,0.14,0.06,0.0,0.0,0.0
2226,0.033269775894527,0.0,0.033269775894527,0.0,0.0,0.0,0.0,0.15933729113166242,0.14,0.06,0.0,0.0,0.0
2227,0.02702268343809925,0.0,0.02702268343809925,0.0,0.0,0.0,0.0,0.15933729113166242,0.14,0.06,0.0,0.0,0.0
2228,0.0638659570825535,0.0,0.0638659570825535,0.0,0.0,0.0,0.0,0.15933729113166242,0.14,0.06,0.0,0.0,0.0
2229,0.0785704668240685,0.0,0.0785704668240685,0.0,0.0,0.0,0.0,0.15933729113166242,0.14,0.06,0.0,0.0,0.0
2230,0.0616368298687725,0.0,0.0616368298687725,0.0,0.0,0.0,0.0,0.15933729113166242,0.14,0.06,0.0,0.0,0.0
2231,0.0289285140854955,0.0,0.0289285140854955,0.0,0.0,0.0,0.0,0.15933729113166242,0.14,0.06,0.0,0.0,0.0
2232,0.0258987186386485,0.0,0.0258987186386485,0.0,0.0,0.0,0.0,0.15933729113166242,0.14,0.06,0.0,0.0,0.0
2233,0.02745513829588075,0.0,0.02745513829588075,0.0,0.0,0.0,0.0,0.15933729113166242,0.14,0.06,0.0,0.0,0.0
2234,0.0271997392313215,0.0,0.0271997392313215,0.0,0.0,0.0,0.0,0.15933729113166242,0.14,0.06,0.0,0.0,0.0
2235,0.02419553591977795,0.0,0.02419553591977795,0.0,0.0,0.0,0.0,0.15933729113166242,0.14,0.06,0.0,0.0,0.0
2236,0.028849126237207,0.0,0.028849126237207,0.0,0.0,0.0,0.0,0.15933729113166242,0.14,0.06,0.0,0.0,0.0
2237,0.02746349491149,0.0,0.02746349491149,0.0,0.0,0.0,0.0,0.15933729113166242,0.14,0.06,0.0,0.0,0.0
2238,0.0317049996216855,0.0,0.0317049996216855,0.0,0.0,0.0,0.0,0.15933729113166242,0.14,0.06,0.0,0.0,0.0
2239,0.07195933930016075,0.0,0.07195933930016075,0.0,0.0,0.0,0.0,0.15933729113166242,0.14,0.06,0.0,0.0,0.0
2240,0.273740791244705,0.0,0.273740791244705,0.0,0.0,0.0,0.0,0.15933729113166242,0.14,0.06,0.0,0.0,0.0
2241,0.29545806834785,0.02178292519769097,0.273675143150159,0.0,0.0,0.0,0.0,0.15933729113166242,0.24,0.06,0.021782925197690983,0.0,0.0
2242,0.18686228163956475,0.03738057533924751,0.0,0.0,0.0,0.14948170630031724,0.0,0.12,0.24,0.06,0.03738057533924752,0.0,0.0
2243,0.15067395774348974,0.04464155040514443,0.10603240733834532,0.0,0.0,0.0,0.0,0.12,0.24,0.06,0.04464155040514442,0.0,0.0
2244,0.16613056288984174,0.04813757543687264,0.1179929874529691,0.0,0.0,0.0,0.0,0.12,0.24,0.06,0.04813757543687264,0.0,0.0
2245,0.109179182935509,0.05674317551497278,0.052436007420536224,0.0,0.0,0.0,0.0,0.12,0.24,0.06,0.05674317551497278,0.0,0.0
2246,0.0891363626850775,0.06507985059063227,0.02405651209444523,0.0,0.0,0.0,0.0,0.12,0.24,0.06,0.06507985059063227,0.0,0.0
2247,0.3426922712139925,0.07449222567605428,0.2682000455379382,0.0,0.0,0.0,0.0,0.12,0.24,0.06,0.07449222567605429,0.0,0.0
2248,0.118971569564182,0.08417352576391696,0.03479804380026505,0.0,0.0,0.0,0.0,0.12,0.24,0.06,0.08417352576391696,0.0,0.0
2249,0.11037731269849226,0.12908400117150207,0.0,0.0,0.01870668847300981,0.0,0.0,0.12444283851233982,0.24,0.06,0.11037731269849226,0.01870668847300981,0.0
2250,0.23651676930155174,0.1917435267401687,0.027890456214491696,0.0,0.0,0.016882786346891346,0.0,0.12,0.24,0.06,0.1917435267401687,0.0,0.0
2251,0.16294930378507624,0.22347667702816273,0.0,0.06052732467651367,4.8566572818931064e-08,0.0,0.0,0.12000001153456104,0.24,0.06,0.16294930378507624,4.8566572818931064e-08,0.06052732467651367
2252,0.10117354518179925,0.221863127013519,0.0,0.12068958183171977,-0.0,0.0,0.0,0.12000001153456104,0.24,0.06,0.10117354518179925,-0.0,0.12068958183171977
2253,0.08028461760092626,0.2506381022746666,0.0,0.17035348467374034,-0.0,0.0,0.0,0.12000001153456104,0.24,0.06,0.08028461760092626,-0.0,0.17035348467374034
2254,0.04313267146740375,0.2447217522209724,0.0,0.20158908075356863,-0.0,0.0,0.0,0.12000001153456104,0.24,0.06,0.04313267146740375,-0.0,0.20158908075356863
2255,0.1983928443149725,0.3054988027725548,0.0,0.1071059584575823,-0.0,0.0,0.0,0.12000001153456104,0.24,0.06,0.1983928443149725,-0.0,0.1071059584575823
2256,0.12238211330972774,0.2847915775846263,0.0,0.16240942478179932,3.949309923534372e-08,0.0,0.0,0.12000002091417211,0.24,0.06,0.12238211330972774,3.949309923534372e-08,0.16240942478179932
2257,0.06149372282646325,0.16888490153271532,0.0,0.10739117870625206,-0.0,0.0,0.0,0.12000002091417211,0.24,0.06,0.06149372282646325,-0.0,0.10739117870625206
2258,0.07818031733280925,0.19846665180118428,0.0,0.12028633446837503,-0.0,0.0,0.0,0.12000002091417211,0.24,0.06,0.07818031733280925,-0.0,0.12028633446837503
2259,0.03245187214176675,0.22535915204524734,0.0,0.19290727990348058,-0.0,0.0,0.0,0.12000002091417211,0.24,0.06,0.03245187214176675,-0.0,0.19290727990348058
2260,0.0862303496069435,0.4348517289464978,0.0,0.03264770403016842,0.3159736753093859,0.0,0.0,0.19504376880015126,0.24,0.06,0.0862303496069435,0.3159736753093859,0.03264770403016842
2261,0.019666250259537176,0.7258285815872584,0.0,-0.0,0.7061623313277212,0.0,0.0,0.36275732249048503,0.24,0.06,0.019666250259537176,0.7061623313277212,-0.0
2262,0.020564586437536975,0.6247127806695822,0.0,0.0,0.6041481942320452,0.0,0.0,0.5062425186205958,0.24,0.06,0.020564586437536975,0.6041481942320452,0.0
2263,0.033428029302628,0.5184874047055329,0.0,-0.0,0.4850593754029049,0.0,0.0,0.6214441202787857,0.24,0.06,0.033428029302628,0.4850593754029049,-0.0
2264,0.0192332731132803,0.3229789279311961,0.0,0.0,0.30374565481791577,0.0,0.0,0.6935837132980407,0.24,0.06,0.0192332731132803,0.30374565481791577,0.0
2265,0.04632959922643675,0.3297020529922114,0.0,0.0,0.28337245376577463,0.0,0.0,0.7608846710674122,0.24,0.06,0.04632959922643675,0.28337245376577463,0.0
2266,0.03749404508502825,0.18179330164986562,0.0,0.0,0.14429925656483739,0.0,0.0,0.7951557445015611,0.24,0.06,0.03749404508502825,0.14429925656483739,0.0
2267,0.022354469043353975,0.2691939274430699,0.0,0.0,0.24683945839971594,0.0,0.0,0.8537801158714936,0.24,0.06,0.022354469043353975,0.24683945839971594,0.0
2268,0.0257028604603055,0.1699606015424776,0.0,0.0,0.1442577410821721,0.0,0.0,0.8880413293785094,0.24,0.06,0.0257028604603055,0.1442577410821721,0.0
2269,0.022390506948169075,0.14253025129353347,0.0,-0.0,0.1201397443453644,0.0,0.0,0.9165745186605335,0.24,0.06,0.022390506948169075,0.1201397443453644,-0.0
2270,0.024963299978882424,0.17937297662790003,0.0,0.0,0.1544096766490176,0.0,0.0,0.9532468168646752,0.24,0.06,0.024963299978882424,0.1544096766490176,0.0
2271,0.02684823908725525,0.14737090133746475,0.0,-0.0,0.1205226622502095,0.0,0.0,0.9818709491490999,0.24,0.06,0.02684823908725525,0.1205226622502095,-0.0
2272,0.07148040076805275,0.13096647618858648,0.0,-0.0,0.05948607542053373,0.0,0.0,0.9959988920614766,0.24,0.06,0.07148040076805275,0.05948607542053373,-0.0
2273,0.02477318697377085,0.10676322596892979,0.0,-0.0,0.08199003899515889,0.0,0.0,1.015471526322827,0.24,0.06,0.02477318697377085,0.08199003899515889,-0.0
2274,0.027599289915141,0.10030902591035479,0.0,-0.0,0.07270973599521378,0.0,0.0,1.0327400886216902,0.24,0.06,0.027599289915141,0.07270973599521378,-0.0
2275,0.02177525112393435,0.07126512564676675,0.0,-0.0,0.0494898745228324,0.0,0.0,1.044493933820863,0.24,0.06,0.02177525112393435,0.0494898745228324,-0.0
2276,0.024466603638604624,0.0532471504832446,0.0,-0.0,0.028780546844639973,0.0,0.0,1.051329313696465,0.24,0.06,0.024466603638604624,0.028780546844639973,-0.0
2277,0.02917503424596975,0.034960250317281755,0.0,-0.0,0.005785216071312004,0.0,0.0,1.0527033025134016,0.24,0.06,0.02917503424596975,0.005785216071312004,-0.0
2278,0.022292839003235376,0.02124507519280972,0.0,0.0,0.0,0.0010477638104256538,0.0,1.0524275751948686,0.24,0.06,0.02124507519280972,0.0,0.0
2279,0.046126951297911,0.008605600078100134,0.0,0.0,0.0,0.037521351219810865,0.0,1.0425535354001814,0.24,0.06,0.008605600078100135,0.0,0.0
2280,0.081208023625754,0.0,0.0,0.0,0.0,0.081208023625754,0.0,1.0211830028670883,0.24,0.06,0.0,0.0,0.0
2281,0.0757041476700785,0.0,1.3877787807814457e-17,0.0,0.0,0.07570414767007849,0.0,1.0012608587433833,0.24,0.06,0.0,0.0,0.0
2282,0.02805002486956775,0.0,0.0,0.0,0.0,0.02805002486956775,0.0,0.9938792732513919,0.24,0.06,0.0,0.0,0.0
2283,0.03059879263040425,0.0,0.0,0.0,0.0,0.03059879263040425,0.0,0.9858269594012855,0.24,0.06,0.0,0.0,0.0
2284,0.023828367121444326,0.0,0.0,0.0,0.0,0.023828367121444326,0.0,0.9795563364745896,0.24,0.06,0.0,0.0,0.0
2285,0.022341934119940024,0.0,0.0,0.0,0.0,0.022341934119940024,0.0,0.973676880127237,0.24,0.06,0.0,0.0,0.0
2286,0.036049917450046,0.0,0.0,0.0,0.0,0.036049917450046,0.0,0.9641900597456459,0.24,0.06,0.0,0.0,0.0
2287,0.022934731539724775,0.0,0.0,0.0,0.0,0.022934731539724775,0.0,0.9581546040772974,0.24,0.06,0.0,0.0,0.0
2288,0.0675204095461955,0.0,0.0,0.0,0.0,0.0675204095461955,0.0,0.9403860752493511,0.24,0.06,0.0,0.0,0.0
2289,0.4000943861227525,0.0,0.0,0.0,0.0,0.4000943861227525,0.0,0.8350980789012584,0.24,0.06,0.0,0.0,0.0
2290,0.30809118199521,0.0,0.0,0.0,0.0,0.30809118199521,0.0,0.7540214520604137,0.24,0.06,0.0,0.0,0.0
2291,0.16693958773851725,0.0,0.0,0.0,0.0,0.16693958773851725,0.0,0.7100899816029091,0.24,0.06,0.0,0.0,0.0
2292,0.20776687787470524,0.0,0.0,0.0,0.0,0.20776687787470524,0.0,0.6554144874253551,0.24,0.06,0.0,0.0,0.0
2293,0.17657581011299175,0.0,0.0,0.0,0.0,0.17657581011299175,0.0,0.6089471689745678,0.24,0.06,0.0,0.0,0.0
2294,0.2527902336237125,0.0,0.0,0.0,0.0,0.2527902336237125,0.0,0.5424234232841172,0.24,0.06,0.0,0.0,0.0
2295,0.35739782553246,0.0,0.0,0.0,0.0,0.35739782553246,0.0,0.4483713639334698,0.24,0.06,0.0,0.0,0.0
2296,0.16378183161515275,0.0,0.0,0.0,0.0,0.16378183161515275,0.0,0.40527088192948224,0.24,0.06,0.0,0.0,0.0
2297,0.2500675438005075,0.0,0.2500675438005075,0.0,0.0,0.0,0.0,0.40527088192948224,0.14,0.06,0.0,0.0,0.0
2298,0.22423828952911176,0.0,0.22423828952911176,0.0,0.0,0.0,0.0,0.40527088192948224,0.14,0.06,0.0,0.0,0.0
2299,0.16744725213678224,0.0,0.16744725213678224,0.0,0.0,0.0,0.0,0.40527088192948224,0.14,0.06,0.0,0.0,0.0
2300,0.13043736846861775,0.0,0.13043736846861775,0.0,0.0,0.0,0.0,0.40527088192948224,0.14,0.06,0.0,0.0,0.0
2301,0.1235337593983845,0.0,0.1235337593983845,0.0,0.0,0.0,0.0,0.40527088192948224,0.14,0.06,0.0,0.0,0.0
2302,0.11830721862324275,0.0,0.11830721862324275,0.0,0.0,0.0,0.0,0.40527088192948224,0.14,0.06,0.0,0.0,0.0
2303,0.10764574397120225,0.0,0.10764574397120225,0.0,0.0,0.0,0.0,0.40527088192948224,0.14,0.06,0.0,0.0,0.0
2304,0.10465982075630426,0.0,0.10465982075630426,0.0,0.0,0.0,0.0,0.40527088192948224,0.14,0.06,0.0,0.0,0.0
2305,0.093734590424095,0.0,0.093734590424095,0.0,0.0,0.0,0.0,0.40527088192948224,0.14,0.06,0.0,0.0,0.0
2306,0.07110800908496324,0.0,0.07110800908496324,0.0,0.0,0.0,0.0,0.40527088192948224,0.14,0.06,0.0,0.0,0.0
2307,0.0335497225174385,0.0,0.0335497225174385,0.0,0.0,0.0,0.0,0.40527088192948224,0.14,0.06,0.0,0.0,0.0
2308,0.036644804023733,0.0,0.036644804023733,0.0,0.0,0.0,0.0,0.40527088192948224,0.14,0.06,0.0,0.0,0.0
2309,0.019462557754060476,0.0,0.019462557754060476,0.0,0.0,0.0,0.0,0.40527088192948224,0.14,0.06,0.0,0.0,0.0
2310,0.02619015560802275,0.0,0.02619015560802275,0.0,0.0,0.0,0.0,0.40527088192948224,0.14,0.06,0.0,0.0,0.0
2311,0.024766397223588275,0.0,0.024766397223588275,0.0,0.0,0.0,0.0,0.40527088192948224,0.14,0.06,0.0,0.0,0.0
2312,0.02534195912367875,0.0,0.02534195912367875,0.0,0.0,0.0,0.0,0.40527088192948224,0.14,0.06,0.0,0.0,0.0
2313,0.03073563221100675,0.0,0.03073563221100675,0.0,0.0,0.0,0.0,0.40527088192948224,0.14,0.06,0.0,0.0,0.0
2314,0.06338022880026276,0.0,0.06338022880026276,0.0,0.0,0.0,0.0,0.40527088192948224,0.14,0.06,0.0,0.0,0.0
2315,0.0727056895317665,0.0,0.0727056895317665,0.0,0.0,0.0,0.0,0.40527088192948224,0.14,0.06,0.0,0.0,0.0
2316,0.052089396535147,0.0,0.052089396535147,0.0,0.0,0.0,0.0,0.40527088192948224,0.14,0.06,0.0,0.0,0.0
2317,0.0266482026011075,0.0,0.0266482026011075,0.0,0.0,0.0,0.0,0.4052708819294823,0.14,0.06,0.0,0.0,0.0
2318,0.026849805952682,0.0,0.026849805952682,0.0,0.0,0.0,0.0,0.4052708819294823,0.14,0.06,0.0,0.0,0.0
2319,0.02384978094894315,0.0,0.02384978094894315,0.0,0.0,0.0,0.0,0.4052708819294823,0.14,0.06,0.0,0.0,0.0
2320,0.02074373138466135,0.0,0.02074373138466135,0.0,0.0,0.0,0.0,0.4052708819294823,0.14,0.06,0.0,0.0,0.0
2321,0.030904853677095,0.0,0.030904853677095,0.0,0.0,0.0,0.0,0.4052708819294823,0.14,0.06,0.0,0.0,0.0
2322,0.02771941626452475,0.0,0.02771941626452475,0.0,0.0,0.0,0.0,0.4052708819294823,0.14,0.06,0.0,0.0,0.0
2323,0.02397565247155825,0.0,0.02397565247155825,0.0,0.0,0.0,0.0,0.4052708819294823,0.14,0.06,0.0,0.0,0.0
2324,0.04105030731526125,0.0,0.04105030731526125,0.0,0.0,0.0,0.0,0.4052708819294823,0.14,0.06,0.0,0.0,0.0
2325,0.0720032115321095,0.0,0.0720032115321095,0.0,0.0,0.0,0.0,0.4052708819294823,0.14,0.06,0.0,0.0,0.0
2326,0.07850465847614525,0.0,0.07850465847614525,0.0,0.0,0.0,0.0,0.4052708819294823,0.14,0.06,0.0,0.0,0.0
2327,0.03526648473667425,0.0,0.03526648473667425,0.0,0.0,0.0,0.0,0.4052708819294823,0.14,0.06,0.0,0.0,0.0
2328,0.0260209341419345,0.0,0.0260209341419345,0.0,0.0,0.0,0.0,0.4052708819294823,0.14,0.06,0.0,0.0,0.0
2329,0.030348616450601,0.0,0.030348616450601,0.0,0.0,0.0,0.0,0.4052708819294823,0.14,0.06,0.0,0.0,0.0
2330,0.02065964294009275,0.0,0.02065964294009275,0.0,0.0,0.0,0.0,0.4052708819294823,0.14,0.06,0.0,0.0,0.0
2331,0.0235139494591444,0.0,0.0235139494591444,0.0,0.0,0.0,0.0,0.4052708819294823,0.14,0.06,0.0,0.0,0.0
2332,0.02660746410001225,0.0,0.02660746410001225,0.0,0.0,0.0,0.0,0.4052708819294823,0.14,0.06,0.0,0.0,0.0
2333,0.021187154300429827,0.0,0.021187154300429827,0.0,0.0,0.0,0.0,0.4052708819294823,0.14,0.06,0.0,0.0,0.0
2334,0.048252665393527,0.0,0.048252665393527,0.0,0.0,0.0,0.0,0.4052708819294823,0.14,0.06,0.0,0.0,0.0
2335,0.05851876766955225,0.0,0.05851876766955225,0.0,0.0,0.0,0.0,0.4052708819294823,0.14,0.06,0.0,0.0,0.0
2336,0.2466914710943505,0.003496025031728176,0.2431954460626223,0.0,0.0,0.0,0.0,0.4052708819294823,0.14,0.06,0.0034960250317281893,0.0,0.0
2337,0.3262673432339125,0.01801797516352218,0.0,0.0,0.0,0.30824936807039033,0.0,0.3241526271741164,0.24,0.06,0.01801797516352216,0.0,0.0
2338,0.18112546502378,0.025816800234300417,0.0,0.0,0.0,0.15530866478947958,0.0,0.2832819259137271,0.24,0.06,0.025816800234300413,0.0,0.0
2339,0.19540013134989176,0.03200207529043489,0.0,0.0,0.0,0.16339805605945687,0.0,0.2402824374770279,0.24,0.06,0.03200207529043489,0.0,0.0
2340,0.19125159398834976,0.038187350346569345,0.0,0.0,0.0,0.15306424364178042,0.0,0.2000023733607699,0.24,0.06,0.03818735034656934,0.0,0.0
2341,0.1495066430005655,0.04302800039050066,0.0,0.0,0.0,0.10647864261006482,0.0,0.17198167793706862,0.24,0.06,0.04302800039050067,0.0,0.0
2342,0.08368784930781376,0.04706187542711012,0.0,0.0,0.0,0.036625973880703634,0.0,0.1623432637579361,0.24,0.06,0.04706187542711012,0.0,0.0
2343,0.07399365291254975,0.051633600468600827,0.0,0.0,0.0,0.022360052443948925,0.0,0.15645903943058112,0.24,0.06,0.051633600468600827,0.0,0.0
2344,0.091525832460862,0.054591775495447775,0.0,0.0,0.0,0.03693405696541423,0.0,0.14673955075547213,0.24,0.06,0.054591775495447775,0.0,0.0
2345,0.07659308265551774,0.07691255069801997,0.0,-0.0,0.00031946804250222727,0.0,0.0,0.14681542441556641,0.24,0.06,0.07659308265551774,0.00031946804250222727,-0.0
2346,0.23367186397506076,0.13177325119590833,0.0,0.0,0.0,0.10189861277915244,0.0,0.12,0.24,0.06,0.13177325119590833,0.0,0.0
2347,0.204818559430049,0.22024957699887537,0.0,0.015431017568826366,-0.0,0.0,0.0,0.12,0.24,0.06,0.204818559430049,-0.0,0.015431017568826366
2348,0.23496348337517325,0.3208275279116707,0.0,0.08586404453649743,-0.0,0.0,0.0,0.12,0.24,0.06,0.23496348337517325,-0.0,0.08586404453649743
2349,0.113871422600131,0.3824113534705751,0.0,0.2685399055480957,2.5322348384815285e-08,0.0,0.0,0.12000000601405773,0.24,0.06,0.113871422600131,2.5322348384815285e-08,0.2685399055480957
2350,0.0376298400886795,0.4789554293467607,0.0,0.37558809391718073,0.06573749534090051,0.0,0.0,0.1356126611575216,0.24,0.06,0.0376298400886795,0.06573749534090051,0.37558809391718073
2351,0.050490149222917,0.5077304046079077,0.0,-0.0,0.45724025538499075,0.0,0.0,0.2442072218114569,0.24,0.06,0.050490149222917,0.45724025538499075,-0.0
2352,0.0718836074712015,0.5574815300594247,0.0,-0.0,0.4855979225882232,0.0,0.0,0.3595367284261599,0.24,0.06,0.0718836074712015,0.4855979225882232,-0.0
2353,0.075067478018345,0.5295133298055993,0.0,0.0,0.4544458517872543,0.0,0.0,0.46746761822563276,0.24,0.06,0.075067478018345,0.4544458517872543,0.0
2354,0.02868930596367925,0.5426906549251895,0.0,0.0,0.5140013489615103,0.0,0.0,0.5895429386039914,0.24,0.06,0.02868930596367925,0.5140013489615103,0.0
2355,0.024876600091935926,0.5693142301668126,0.0,-0.0,0.5444376300748766,0.0,0.0,0.7188468757467746,0.24,0.06,0.024876600091935926,0.5444376300748766,-0.0
2356,0.0629227040956535,0.6099219055353469,0.0,0.0,0.5469992014396934,0.0,0.0,0.8487591860887018,0.24,0.06,0.0629227040956535,0.5469992014396934,0.0
2357,0.099741952470231,0.7008185563602797,0.0,0.0,0.6010766038900487,0.0,0.0,0.9915148795125883,0.24,0.06,0.099741952470231,0.6010766038900487,0.0
2358,0.10190318218218625,0.6352008557647663,0.0,0.0,0.5332976735825801,0.0,0.0,1.118173076988451,0.24,0.06,0.10190318218218625,0.5332976735825801,0.0
2359,0.049915109611302,0.5023519045590954,0.0,0.0,0.4524367949477934,0.0,0.0,1.225626815788552,0.24,0.06,0.049915109611302,0.4524367949477934,0.0
2360,0.1029853639035905,0.39021017854135354,0.0,-0.0,0.28722481463776306,0.0,0.0,1.2938427092650207,0.24,0.06,0.1029853639035905,0.28722481463776306,-0.0
2361,0.09213168709253625,0.36493122831193403,0.0,-0.0,0.27279954121939776,0.0,0.0,1.3586326003046276,0.24,0.06,0.09213168709253625,0.27279954121939776,-0.0
2362,0.09368340615348825,0.32620602796048304,0.0,-0.0,0.23252262180699468,0.0,0.0,1.4138567229837888,0.24,0.06,0.09368340615348825,0.23252262180699468,-0.0
2363,0.2552110407080325,0.29904460271398003,0.0,-0.0,0.04383356200594751,0.0,0.0,1.4242671939602014,0.24,0.06,0.2552110407080325,0.04383356200594751,-0.0
2364,0.3024018936307025,0.2831780275699825,0.0,0.0,0.0,0.01922386606072002,0.0,1.4192082818389593,0.24,0.06,0.2831780275699825,0.0,0.0
2365,0.1155035740863225,0.22509022704280712,0.0,-0.0,0.10958665295648462,0.0,0.0,1.4452351119161244,0.24,0.06,0.1155035740863225,0.10958665295648462,-0.0
2366,0.03666517327428075,0.15651435142044634,0.0,-0.0,0.11984917814616558,0.0,0.0,1.4736992917258387,0.24,0.06,0.03666517327428075,0.11984917814616558,-0.0
2367,0.031521154078281,0.1142931260372675,0.0,-0.0,0.0827719719589865,0.0,0.0,1.493357635066098,0.24,0.06,0.031521154078281,0.0827719719589865,-0.0
2368,0.05264406689621425,0.09519945086398275,0.0,-0.0,0.0425553839677685,0.0,0.0,1.503464538758443,0.24,0.06,0.05264406689621425,0.0425553839677685,-0.0
2369,0.098965831795517,0.08524922577367947,0.0,0.0,0.0,0.013716606021837538,0.0,1.4998549055948016,0.24,0.06,0.08524922577367947,0.0,0.0
2370,0.093711087442694,0.0758368506882574,0.0,0.0,0.0,0.017874236754436598,0.0,1.4951511590804762,0.24,0.06,0.0758368506882574,0.0,0.0
2371,0.406957778980365,0.06992050063456366,0.0,0.0,0.0,0.3370372783458013,0.0,1.4064571384631601,0.24,0.06,0.06992050063456368,0.0,0.0
2372,0.316573669127125,0.0580878005271759,0.0,0.0,0.0,0.2584858685999491,0.0,1.3384345414631735,0.24,0.06,0.05808780052717588,0.0,0.0
2373,0.2613474080076375,0.038187350346569345,0.0,0.0,0.0,0.22316005766106817,0.0,1.2797082104997346,0.24,0.06,0.03818735034656934,0.0,0.0
2374,0.21041801417675576,0.02178292519769097,0.0,0.0,0.0,0.18863508897906478,0.0,1.230067397610507,0.24,0.06,0.021782925197690983,0.0,0.0
2375,0.078837878523566,0.009950225090303284,0.0,0.0,0.0,0.06888765343326271,0.0,1.2119390677596482,0.24,0.06,0.009950225090303286,0.0,0.0
2376,0.09295429144157676,0.0,0.0,0.0,0.0,0.09295429144157676,0.0,1.187477412117128,0.24,0.06,0.0,0.0,0.0
2377,0.079020157201544,0.0,0.0,0.0,0.0,0.079020157201544,0.0,1.1666826339061955,0.24,0.06,0.0,0.0,0.0
2378,0.059821355127652,0.0,0.0,0.0,0.0,0.059821355127652,0.0,1.1509401720304975,0.24,0.06,0.0,0.0,0.0
2379,0.0311785328382995,0.0,0.0,0.0,0.0,0.0311785328382995,0.0,1.1427352949677871,0.24,0.06,0.0,0.0,0.0
2380,0.03354867794048725,0.0,0.0,0.0,0.0,0.03354867794048725,0.0,1.133906695509764,0.24,0.06,0.0,0.0,0.0
2381,0.024627468489083676,0.0,0.0,0.0,0.0,0.024627468489083676,0.0,1.127425782749479,0.24,0.06,0.0,0.0,0.0
2382,0.03583839061743575,0.0,0.0,0.0,0.0,0.03583839061743575,0.0,1.117994627323838,0.24,0.06,0.0,0.0,0.0
2383,0.07892614527593925,0.0,0.0,0.0,0.0,0.07892614527593925,0.0,1.0972245890933277,0.24,0.06,0.0,0.0,0.0
2384,0.3237023845303325,0.0,0.0,0.0,0.0,0.3237023845303325,0.0,1.0120397510590295,0.24,0.06,0.0,0.0,0.0
2385,0.3628907334301475,0.0,0.0,0.0,0.0,0.3628907334301475,0.0,0.9165421896300435,0.24,0.06,0.0,0.0,0.0
2386,0.228697066245149,0.0,0.0,0.0,0.0,0.228697066245149,0.0,0.856358751144478,0.24,0.06,0.0,0.0,0.0
2387,0.20311537671117824,0.0,-2.7755575615628914e-17,0.0,0.0,0.20311537671117827,0.0,0.8029073362204837,0.24,0.06,0.0,0.0,0.0
2388,0.20094579038361374,0.0,0.0,0.0,0.0,0.20094579038361374,0.0,0.7500268650669012,0.24,0.06,0.0,0.0,0.0
2389,0.17418947406806076,0.0,0.0,0.0,0.0,0.17418947406806076,0.0,0.7041875297858325,0.24,0.06,0.0,0.0,0.0
2390,0.18498308770442326,0.0,0.0,0.0,0.0,0.18498308770442326,0.0,0.6555077698636159,0.24,0.06,0.0,0.0,0.0
2391,0.245393584232531,0.0,0.0,0.0,0.0,0.245393584232531,0.0,0.5909305108550551,0.24,0.06,0.0,0.0,0.0
2392,0.3323901310331525,0.0,0.0,0.0,0.0,0.3323901310331525,0.0,0.5034594237410676,0.24,0.06,0.0,0.0,0.0
2393,0.3415307016443,0.0,0.3415307016443,0.0,0.0,0.0,0.0,0.5034594237410676,0.14,0.06,0.0,0.0,0.0
2394,0.2843234003369325,0.0,0.2843234003369325,0.0,0.0,0.0,0.0,0.5034594237410676,0.14,0.06,0.0,0.0,0.0
2395,0.2801059208966125,0.0,0.2801059208966125,0.0,0.0,0.0,0.0,0.5034594237410676,0.14,0.06,0.0,0.0,0.0
2396,0.16102101473323024,0.0,0.16102101473323024,0.0,0.0,0.0,0.0,0.5034594237410676,0.14,0.06,0.0,0.0,0.0
2397,0.155357318504027,0.0,0.155357318504027,0.0,0.0,0.0,0.0,0.5034594237410676,0.14,0.06,0.0,0.0,0.0
2398,0.15272655145252426,0.0,0.15272655145252426,0.0,0.0,0.0,0.0,0.5034594237410676,0.14,0.06,0.0,0.0,0.0
2399,0.1227043652991615,0.0,0.1227043652991615,0.0,0.0,0.0,0.0,0.5034594237410676,0.14,0.06,0.0,0.0,0.0
2400,0.106457537689255,0.0,0.106457537689255,0.0,0.0,0.0,0.0,0.5034594237410676,0.14,0.06,0.0,0.0,0.0
2401,0.081057082256311,0.0,0.081057082256311,0.0,0.0,0.0,0.0,0.5034594237410676,0.14,0.06,0.0,0.0,0.0
2402,0.04304388242655475,0.0,0.04304388242655475,0.0,0.0,0.0,0.0,0.5034594237410676,0.14,0.06,0.0,0.0,0.0
2403,0.0253910542403835,0.0,0.0253910542403835,0.0,0.0,0.0,0.0,0.5034594237410676,0.14,0.06,0.0,0.0,0.0
2404,0.03512546684826725,0.0,0.03512546684826725,0.0,0.0,0.0,0.0,0.5034594237410676,0.14,0.06,0.0,0.0,0.0
2405,0.022559206125781824,0.0,0.022559206125781824,0.0,0.0,0.0,0.0,0.5034594237410676,0.14,0.06,0.0,0.0,0.0
2406,0.0252375014285625,0.0,0.0252375014285625,0.0,0.0,0.0,0.0,0.5034594237410676,0.14,0.06,0.0,0.0,0.0
2407,0.02578120373164275,0.0,0.02578120373164275,0.0,0.0,0.0,0.0,0.5034594237410676,0.14,0.06,0.0,0.0,0.0
2408,0.0267380362189075,0.0,0.0267380362189075,0.0,0.0,0.0,0.0,0.5034594237410676,0.14,0.06,0.0,0.0,0.0
2409,0.07188256289425025,0.0,0.07188256289425025,0.0,0.0,0.0,0.0,0.5034594237410676,0.14,0.06,0.0,0.0,0.0
2410,0.07863261915266274,0.0,0.07863261915266274,0.0,0.0,0.0,0.0,0.5034594237410676,0.14,0.06,0.0,0.0,0.0
2411,0.021117689933177523,0.0,0.021117689933177523,0.0,0.0,0.0,0.0,0.5034594237410676,0.14,0.06,0.0,0.0,0.0
2412,0.02970515704868475,0.0,0.02970515704868475,0.0,0.0,0.0,0.0,0.5034594237410676,0.14,0.06,0.0,0.0,0.0
2413,0.0293949176941895,0.0,0.0293949176941895,0.0,0.0,0.0,0.0,0.5034594237410676,0.14,0.06,0.0,0.0,0.0
2414,0.03024520333243575,0.0,0.03024520333243575,0.0,0.0,0.0,0.0,0.5034594237410676,0.14,0.06,0.0,0.0,0.0
2415,0.020018794980554526,0.0,0.020018794980554526,0.0,0.0,0.0,0.0,0.5034594237410676,0.14,0.06,0.0,0.0,0.0
2416,0.03048650060815425,0.0,0.03048650060815425,0.0,0.0,0.0,0.0,0.5034594237410676,0.14,0.06,0.0,0.0,0.0
2417,0.0206413628434474,0.0,0.0206413628434474,0.0,0.0,0.0,0.0,0.5034594237410676,0.14,0.06,0.0,0.0,0.0
2418,0.046920307492319,0.0,0.046920307492319,0.0,0.0,0.0,0.0,0.5034594237410676,0.14,0.06,0.0,0.0,0.0
2419,0.07962235581388925,0.0,0.07962235581388925,0.0,0.0,0.0,0.0,0.5034594237410676,0.14,0.06,0.0,0.0,0.0
2420,0.0775880422015,0.0,0.0775880422015,0.0,0.0,0.0,0.0,0.5034594237410676,0.14,0.06,0.0,0.0,0.0
2421,0.0376522984931295,0.0,0.0376522984931295,0.0,0.0,0.0,0.0,0.5034594237410676,0.14,0.06,0.0,0.0,0.0
2422,0.023328014761837476,0.0,0.023328014761837476,0.0,0.0,0.0,0.0,0.5034594237410676,0.14,0.06,0.0,0.0,0.0
2423,0.0277982818243375,0.0,0.0277982818243375,0.0,0.0,0.0,0.0,0.5034594237410676,0.14,0.06,0.0,0.0,0.0
2424,0.02599325285272875,0.0,0.02599325285272875,0.0,0.0,0.0,0.0,0.5034594237410676,0.14,0.06,0.0,0.0,0.0
2425,0.19875374565159926,0.0,0.19875374565159926,0.0,0.0,0.0,0.0,0.5034594237410676,0.14,0.06,0.0,0.0,0.0
2426,0.13515781171092126,0.0,0.13515781171092126,0.0,0.0,0.0,0.0,0.5034594237410676,0.14,0.06,0.0,0.0,0.0
2427,0.07786798882441175,0.0,0.07786798882441175,0.0,0.0,0.0,0.0,0.5034594237410676,0.14,0.06,0.0,0.0,0.0
2428,0.0774553809287025,0.0,0.0774553809287025,0.0,0.0,0.0,0.0,0.5034594237410676,0.14,0.06,0.0,0.0,0.0
2429,0.07198493143546425,0.0,0.07198493143546425,0.0,0.0,0.0,0.0,0.5034594237410676,0.14,0.06,0.0,0.0,0.0
2430,0.08997306882295875,0.0,0.08997306882295875,0.0,0.0,0.0,0.0,0.5034594237410676,0.14,0.06,0.0,0.0,0.0
2431,0.08341521472356025,0.0,0.08341521472356025,0.0,0.0,0.0,0.0,0.5034594237410676,0.14,0.06,0.0,0.0,0.0
2432,0.220913923382037,0.0029581750268469235,0.21795574835519008,0.0,0.0,0.0,0.0,0.5034594237410676,0.14,0.06,0.002958175026846921,0.0,0.0
2433,0.3334190393300475,0.019362600175725303,0.0,0.0,0.0,0.31405643915432224,0.0,0.420812992384667,0.24,0.06,0.019362600175725275,0.0,0.0
2434,0.2060015428272405,0.028506050258706703,0.0,0.0,0.0,0.1774954925685338,0.0,0.3741036522350529,0.24,0.06,0.0285060502587067,0.0,0.0
2435,0.1519227494886045,0.03603595032704432,0.0,0.0,0.0,0.1158867991615602,0.0,0.3436071261399054,0.24,0.06,0.03603595032704432,0.0,0.0
2436,0.18809279328803424,0.04356585039538193,0.0,0.0,0.0,0.1445269428926523,0.0,0.30557372011552325,0.24,0.06,0.04356585039538194,0.0,0.0
2437,0.19640031378063,0.05082682546127891,0.0,0.0,0.0,0.14557348831935107,0.0,0.26726490739990455,0.24,0.06,0.050826825461278924,0.0,0.0
2438,0.09538711116083425,0.05647425051253213,0.0,0.0,0.0,0.038912860648302114,0.0,0.2570246809135093,0.24,0.06,0.05647425051253213,0.0,0.0
2439,0.0933585427216765,0.06158382555890409,0.0,0.0,0.0,0.03177471716277241,0.0,0.24866291323909545,0.24,0.06,0.06158382555890409,0.0,0.0
2440,0.25277404268097,0.06615555060039478,0.0,0.0,0.0,0.18661849208057518,0.0,0.19955278374420723,0.24,0.06,0.0661555506003948,0.0,0.0
2441,0.38101988870605,0.0922412758371359,0.0,0.0,0.0,0.28877861286891415,0.0,0.12355841193659825,0.24,0.06,0.09224127583713587,0.0,0.0
2442,0.15470759164040376,0.14118562628133038,0.0,0.0,0.0,0.013521965359073379,0.0,0.12,0.24,0.06,0.14118562628133038,0.0,0.0
2443,0.03943121304095925,0.23181335210382234,0.0,0.1923820972442627,4.181860038809937e-08,0.0,0.0,0.12000000993191759,0.24,0.06,0.03943121304095925,4.181860038809937e-08,0.1923820972442627
2444,0.0841709661477265,0.33050882799953346,0.0,0.24633786185180695,-0.0,0.0,0.0,0.12000000993191759,0.24,0.06,0.0841709661477265,-0.0,0.24633786185180695
2445,0.270537596023965,0.3974711536072501,0.0,0.12693355758328512,-0.0,0.0,0.0,0.12000000993191759,0.24,0.06,0.270537596023965,-0.0,0.12693355758328512
2446,0.3619699388476975,0.48782995442730165,0.0,0.12585997581481934,3.9764784798279607e-08,0.0,0.0,0.12000001937605398,0.24,0.06,0.3619699388476975,3.9764784798279607e-08,0.12585997581481934
2447,0.17073505809056624,0.5136467546616017,0.0,0.3429116965710355,-0.0,0.0,0.0,0.12000001937605398,0.24,0.06,0.17073505809056624,-0.0,0.3429116965710355
2448,0.22145292508883674,0.5469934549642397,0.0,0.17423826882151033,0.1513022610538926,0.0,0.0,0.15593430637635347,0.24,0.06,0.22145292508883674,0.1513022610538926,0.17423826882151033
2449,0.085630762436976,0.5324715048324459,0.0,-0.0,0.4468407423954699,0.0,0.0,0.26205898269527755,0.24,0.06,0.085630762436976,0.4468407423954699,-0.0
2450,0.09496301291866226,0.5418838799178678,0.0,0.0,0.4469208669992055,0.0,0.0,0.36820268860758887,0.24,0.06,0.09496301291866226,0.4469208669992055,0.0
2451,0.1110792684096735,0.5601707800838309,0.0,0.0,0.4490915116741574,0.0,0.0,0.47486192263020127,0.24,0.06,0.1110792684096735,0.4490915116741574,0.0
2452,0.0848807561860415,0.611535455549991,0.0,-0.0,0.5266546993639495,0.0,0.0,0.5999424137291393,0.24,0.06,0.0848807561860415,0.5266546993639495,-0.0
2453,0.081706809119934,0.7016253313676022,0.0,0.0,0.6199185222476682,0.0,0.0,0.7471730627629605,0.24,0.06,0.081706809119934,0.6199185222476682,0.0
2454,0.07091789607985174,0.6322426807379197,0.0,0.0,0.5613247846580679,0.0,0.0,0.8804876991192516,0.24,0.06,0.07091789607985174,0.5613247846580679,0.0
2455,0.09982760778022624,0.4993937295322487,0.0,0.0,0.39956612175202244,0.0,0.0,0.9753846530353569,0.24,0.06,0.09982760778022624,0.39956612175202244,0.0
2456,0.09455510561923325,0.41468235376345,0.0,-0.0,0.3201272481442167,0.0,0.0,1.0514148744696084,0.24,0.06,0.09455510561923325,0.3201272481442167,-0.0
2457,0.0895792633123705,0.3937062035730813,0.0,-0.0,0.30412694026071074,0.0,0.0,1.1236450227815271,0.24,0.06,0.0895792633123705,0.30412694026071074,-0.0
2458,0.077921262248921,0.3463754031435306,0.0,-0.0,0.2684541408946095,0.0,0.0,1.187402881243997,0.24,0.06,0.077921262248921,0.2684541408946095,-0.0
2459,0.07166946919621325,0.3186761278921456,0.0,-0.0,0.2470066586959323,0.0,0.0,1.2460669626842809,0.24,0.06,0.07166946919621325,0.2470066586959323,-0.0
2460,0.08377089317543125,0.29931352771642045,0.0,-0.0,0.2155426345409892,0.0,0.0,1.2972583383877658,0.24,0.06,0.08377089317543125,0.2155426345409892,-0.0
2461,0.080187471944468,0.2363850771453137,0.0,-0.0,0.15619760520084558,0.0,0.0,1.3343552696229666,0.24,0.06,0.080187471944468,0.15619760520084558,-0.0
2462,0.0718747285671165,0.17130522655468097,0.0,-0.0,0.09943049798756443,0.0,0.0,1.3579700128950132,0.24,0.06,0.0718747285671165,0.09943049798756443,-0.0
2463,0.07157075667432825,0.12720152615441763,0.0,-0.0,0.05563076948008927,0.0,0.0,1.3711823206465343,0.24,0.06,0.07157075667432825,0.05563076948008927,-0.0
2464,0.023859182141503624,0.10703215097137043,0.0,-0.0,0.0831729688298668,0.0,0.0,1.3909359007436277,0.24,0.06,0.023859182141503624,0.0831729688298668,-0.0
2465,0.02462485704670575,0.09573730086886406,0.0,-0.0,0.07111244382215831,0.0,0.0,1.4078251061513902,0.24,0.06,0.02462485704670575,0.07111244382215831,-0.0
2466,0.0231708059306875,0.0855181507761201,0.0,-0.0,0.062347344845432584,0.0,0.0,1.4226326005521805,0.24,0.06,0.0231708059306875,0.062347344845432584,-0.0
2467,0.0227634209197341,0.07449222567605428,0.0,-0.0,0.051728804756320176,0.0,0.0,1.4349181916818066,0.24,0.06,0.0227634209197341,0.051728804756320176,-0.0
2468,0.0182184666052259,0.06346630057598857,0.0,-0.0,0.045247833970762666,0.0,0.0,1.4456645522498628,0.24,0.06,0.0182184666052259,0.045247833970762666,-0.0
2469,0.03013238902171025,0.04410370040026322,0.0,-0.0,0.013971311378552898,0.0,0.0,1.4489827387022691,0.24,0.06,0.03013238902171025,0.013971311378552898,-0.0
2470,0.0447256513179265,0.029312825266028606,0.0,0.0,0.0,0.015412826051897897,0.0,1.4449267318465064,0.24,0.06,0.029312825266028606,0.0,0.0
2471,0.07132945939860975,0.013715175124472095,0.0,0.0,0.0,0.05761428427413766,0.0,1.4297650780901545,0.24,0.06,0.013715175124472095,0.0,0.0
2472,0.08067006649590525,0.0010757000097625171,0.0,0.0,0.0,0.07959436648614272,0.0,1.4088191921727486,0.24,0.06,0.001075700009762523,0.0,0.0
2473,0.03343220761043275,0.0,0.0,0.0,0.0,0.03343220761043275,0.0,1.400021242801582,0.24,0.06,0.0,0.0,0.0
2474,0.018723519561112976,0.0,0.0,0.0,0.0,0.018723519561112976,0.0,1.3950940008118153,0.24,0.06,0.0,0.0,0.0
2475,0.02519310690813825,0.0,0.0,0.0,0.0,0.02519310690813825,0.0,1.3884642358359895,0.24,0.06,0.0,0.0,0.0
2476,0.03073719907643325,0.0,0.0,0.0,0.0,0.03073719907643325,0.0,1.3803754992369281,0.24,0.06,0.0,0.0,0.0
2477,0.01881335317891295,0.0,0.0,0.0,0.0,0.01881335317891295,0.0,1.3754246168214248,0.24,0.06,0.0,0.0,0.0
2478,0.138896352619132,0.0,0.0,0.0,0.0,0.138896352619132,0.0,1.338872945079548,0.24,0.06,0.0,0.0,0.0
2479,0.2932916157511375,0.0,0.0,0.0,0.0,0.2932916157511375,0.0,1.2616909409345118,0.24,0.06,0.0,0.0,0.0
2480,0.2599690887205775,0.0,0.0,0.0,0.0,0.2599690887205775,0.0,1.1932780228501494,0.24,0.06,0.0,0.0,0.0
2481,0.24010175739794176,0.0,0.0,0.0,0.0,0.24010175739794176,0.0,1.130093349850691,0.24,0.06,0.0,0.0,0.0
2482,0.21579497403286474,0.0,0.0,0.0,0.0,0.21579497403286474,0.0,1.0733051987894109,0.24,0.06,0.0,0.0,0.0
2483,0.1997325142548385,0.0,0.0,0.0,0.0,0.1997325142548385,0.0,1.0207440108276113,0.24,0.06,0.0,0.0,0.0
2484,0.2379091903774515,0.0,0.0,0.0,0.0,0.2379091903774515,0.0,0.9581363291493346,0.24,0.06,0.0,0.0,0.0
2485,0.2773377919760325,0.0,0.0,0.0,0.0,0.2773377919760325,0.0,0.8851526996819575,0.24,0.06,0.0,0.0,0.0
2486,0.292880574720855,0.0,0.0,0.0,0.0,0.292880574720855,0.0,0.8080788642291009,0.24,0.06,0.0,0.0,0.0
2487,0.34216893816146,0.0,0.0,0.0,0.0,0.34216893816146,0.0,0.7180344068181904,0.24,0.06,0.0,0.0,0.0
2488,0.185497541852871,0.0,0.0,0.0,0.0,0.185497541852871,0.0,0.6692192642253296,0.24,0.06,0.0,0.0,0.0
2489,0.171876780698187,0.0,0.171876780698187,0.0,0.0,0.0,0.0,0.6692192642253296,0.14,0.06,0.0,0.0,0.0
2490,0.171815672946544,0.0,0.171815672946544,0.0,0.0,0.0,0.0,0.6692192642253296,0.14,0.06,0.0,0.0,0.0
2491,0.0,0.0,0.0,0.0,0.0,0.0,0.0,0.6692192642253296,0.14,0.06,0.0,0.0,0.0
2492,0.292623086502395,0.0,0.292623086502395,0.0,0.0,0.0,0.0,0.6692192642253295,0.14,0.06,0.0,0.0,0.0
2493,0.206085631271809,0.0,0.206085631271809,0.0,0.0,0.0,0.0,0.6692192642253295,0.14,0.06,0.0,0.0,0.0
2494,0.1561673879296535,0.0,0.1561673879296535,0.0,0.0,0.0,0.0,0.6692192642253295,0.14,0.06,0.0,0.0,0.0
2495,0.11871564821114725,0.0,0.11871564821114725,0.0,0.0,0.0,0.0,0.6692192642253295,0.14,0.06,0.0,0.0,0.0
2496,0.0932577410458895,0.0,0.0932577410458895,0.0,0.0,0.0,0.0,0.6692192642253295,0.14,0.06,0.0,0.0,0.0
2497,0.05007022928854975,0.0,0.05007022928854975,0.0,0.0,0.0,0.0,0.6692192642253295,0.14,0.06,0.0,0.0,0.0
2498,0.03478754620456625,0.0,0.03478754620456625,0.0,0.0,0.0,0.0,0.6692192642253295,0.14,0.06,0.0,0.0,0.0
2499,0.03951477919705225,0.0,0.03951477919705225,0.0,0.0,0.0,0.0,0.6692192642253295,0.14,0.06,0.0,0.0,0.0
2500,0.02827826493339675,0.0,0.02827826493339675,0.0,0.0,0.0,0.0,0.6692192642253295,0.14,0.06,0.0,0.0,0.0
2501,0.03774526584178275,0.0,0.03774526584178275,0.0,0.0,0.0,0.0,0.6692192642253295,0.14,0.06,0.0,0.0,0.0
2502,0.0278583449990295,0.0,0.0278583449990295,0.0,0.0,0.0,0.0,0.6692192642253295,0.14,0.06,0.0,0.0,0.0
2503,0.053835406909015,0.0,0.053835406909015,0.0,0.0,0.0,0.0,0.6692192642253295,0.14,0.06,0.0,0.0,0.0
2504,0.088731589116502,0.0,0.088731589116502,0.0,0.0,0.0,0.0,0.6692192642253295,0.14,0.06,0.0,0.0,0.0
2505,0.07015065430922275,0.0,0.07015065430922275,0.0,0.0,0.0,0.0,0.6692192642253295,0.14,0.06,0.0,0.0,0.0
2506,0.02726241384839125,0.0,0.02726241384839125,0.0,0.0,0.0,0.0,0.6692192642253295,0.14,0.06,0.0,0.0,0.0
2507,0.03670382262147375,0.0,0.03670382262147375,0.0,0.0,0.0,0.0,0.6692192642253295,0.14,0.06,0.0,0.0,0.0
2508,0.0336745494631025,0.0,0.0336745494631025,0.0,0.0,0.0,0.0,0.6692192642253295,0.14,0.06,0.0,0.0,0.0
2509,0.02776015476562,0.0,0.02776015476562,0.0,0.0,0.0,0.0,0.6692192642253295,0.14,0.06,0.0,0.0,0.0
2510,0.03658735229141925,0.0,0.03658735229141925,0.0,0.0,0.0,0.0,0.6692192642253295,0.14,0.06,0.0,0.0,0.0
2511,0.02746506177691675,0.0,0.02746506177691675,0.0,0.0,0.0,0.0,0.6692192642253295,0.14,0.06,0.0,0.0,0.0
2512,0.028311691395834,0.0,0.028311691395834,0.0,0.0,0.0,0.0,0.6692192642253295,0.14,0.06,0.0,0.0,0.0
2513,0.082728405378171,0.0,0.082728405378171,0.0,0.0,0.0,0.0,0.6692192642253295,0.14,0.06,0.0,0.0,0.0
2514,0.07771756974344425,0.0,0.07771756974344425,0.0,0.0,0.0,0.0,0.6692192642253295,0.14,0.06,0.0,0.0,0.0
2515,0.07729973896297924,0.0,0.07729973896297924,0.0,0.0,0.0,0.0,0.6692192642253295,0.14,0.06,0.0,0.0,0.0
2516,0.0427587129188875,0.0,0.0427587129188875,0.0,0.0,0.0,0.0,0.6692192642253295,0.14,0.06,0.0,0.0,0.0
2517,0.0264549558651425,0.0,0.0264549558651425,0.0,0.0,0.0,0.0,0.6692192642253295,0.14,0.06,0.0,0.0,0.0
2518,0.0345911657377475,0.0,0.0345911657377475,0.0,0.0,0.0,0.0,0.6692192642253295,0.14,0.06,0.0,0.0,0.0
2519,0.036114681221018,0.0,0.036114681221018,0.0,0.0,0.0,0.0,0.6692192642253295,0.14,0.06,0.0,0.0,0.0
2520,0.02628207837972525,0.0,0.02628207837972525,0.0,0.0,0.0,0.0,0.6692192642253295,0.14,0.06,0.0,0.0,0.0
2521,0.02858380369161175,0.0,0.02858380369161175,0.0,0.0,0.0,0.0,0.6692192642253295,0.14,0.06,0.0,0.0,0.0
2522,0.036405595901917,0.0,0.036405595901917,0.0,0.0,0.0,0.0,0.6692192642253295,0.14,0.06,0.0,0.0,0.0
2523,0.0265223310784925,0.0,0.0265223310784925,0.0,0.0,0.0,0.0,0.6692192642253295,0.14,0.06,0.0,0.0,0.0
2524,0.0488344947553245,0.0,0.0488344947553245,0.0,0.0,0.0,0.0,0.6692192642253295,0.14,0.06,0.0,0.0,0.0
2525,0.0935481334383125,0.0,0.0935481334383125,0.0,0.0,0.0,0.0,0.6692192642253295,0.14,0.06,0.0,0.0,0.0
2526,0.0830464790598,0.0,0.0830464790598,0.0,0.0,0.0,0.0,0.6692192642253295,0.14,0.06,0.0,0.0,0.0
2527,0.14440179544023424,0.0,0.14440179544023424,0.0,0.0,0.0,0.0,0.6692192642253295,0.14,0.06,0.0,0.0,0.0
2528,0.2677908809308825,0.003496025031728176,0.2642948558991543,0.0,0.0,0.0,0.0,0.6692192642253295,0.14,0.06,0.0034960250317281893,0.0,0.0
2529,0.31106613715212,0.018555825168403435,0.0,0.0,0.0,0.2925103119837166,0.0,0.5922428663348778,0.24,0.06,0.018555825168403428,0.0,0.0
2530,0.170132859478221,0.030657450278231697,0.0,0.0,0.0,0.1394754091999893,0.0,0.555538811282249,0.24,0.06,0.03065745027823169,0.0,0.0
2531,0.15650687543878125,0.04517940041002569,0.0,0.0,0.0,0.11132747502875556,0.0,0.5262421073273134,0.24,0.06,0.04517940041002569,0.0,0.0
2532,0.1042315442063275,0.057281025519854,0.0,0.0,0.0,0.04695051868647351,0.0,0.5138867076729782,0.24,0.06,0.057281025519854,0.0,0.0
2533,0.11031254892752025,0.07287867566141054,0.0,0.0,0.0,0.03743387326610971,0.0,0.504035688392423,0.24,0.06,0.07287867566141054,0.0,0.0
2534,0.097564009527057,0.08148427573951068,0.0,0.0,0.0,0.01607973378754632,0.0,0.49980417950096345,0.24,0.06,0.08148427573951068,0.0,0.0
2535,0.0996213038323715,0.17103630155224017,0.0,-0.0,0.07141499771986859,0.0,0.0,0.5167652414594323,0.24,0.06,0.0996213038323715,0.07141499771986859,-0.0
2536,0.10506825034420875,0.20572762686708126,0.0,-0.0,0.10065937652287249,0.0,0.0,0.5406718433836145,0.24,0.06,0.10506825034420875,0.10065937652287249,-0.0
2537,0.05587755484853775,0.15006015136187126,0.0,-0.0,0.09418259651333351,0.0,0.0,0.5630402100555312,0.24,0.06,0.05587755484853775,0.09418259651333351,-0.0
2538,0.16347577056846224,0.21863602698423146,0.0,-0.0,0.05516025641576916,0.0,0.0,0.5761407709542764,0.24,0.06,0.16347577056846224,0.05516025641576916,-0.0
2539,0.1033258959896695,0.48944350444194545,0.0,0.0,0.38611760845227594,0.0,0.0,0.6678437029616919,0.24,0.06,0.1033258959896695,0.38611760845227594,0.0
2540,0.0829947725007175,0.36224197828752785,0.0,-0.0,0.2792472057868103,0.0,0.0,0.7341649143360593,0.24,0.06,0.0829947725007175,0.2792472057868103,-0.0
2541,0.10017127359715874,0.43754097897090355,0.0,-0.0,0.3373697053737448,0.0,0.0,0.8142902193623237,0.24,0.06,0.10017127359715874,0.3373697053737448,-0.0
2542,0.0784968241490115,0.4340449539391758,0.0,0.0,0.3555481297901643,0.0,0.0,0.8987329001874877,0.24,0.06,0.0784968241490115,0.3555481297901643,0.0
2543,0.13566913212851525,0.6023920054670094,0.0,0.0,0.46672287333849416,0.0,0.0,1.0095795826053802,0.24,0.06,0.13566913212851525,0.46672287333849416,0.0
2544,0.07364319734543474,0.647033555872154,0.0,0.0,0.5733903585267193,0.0,0.0,1.145759792755476,0.24,0.06,0.07364319734543474,0.5733903585267193,0.0
2545,0.04404876545357325,0.67069895608693,0.0,0.0,0.6266501906333567,0.0,0.0,1.294589213030898,0.24,0.06,0.04404876545357325,0.6266501906333567,0.0
2546,0.0838763954474985,0.45690357914662943,0.0,0.0,0.3730271836991309,0.0,0.0,1.3831831691594416,0.24,0.06,0.0838763954474985,0.3730271836991309,0.0
2547,0.10694483283697225,0.5639357301179998,0.0,0.0,0.45699089728102754,0.0,0.0,1.4917185072636856,0.24,0.06,0.10694483283697225,0.45699089728102754,0.0
2548,0.0746700164884275,0.6806491811772327,0.0,0.0,0.6059791646888052,0.0,0.0,1.6356385588772768,0.24,0.06,0.0746700164884275,0.6059791646888052,0.0
2549,0.11594229640581075,0.6873723062382481,0.0,0.0,0.5714300098324373,0.0,0.0,1.7713531862124807,0.24,0.06,0.11594229640581075,0.5714300098324373,0.0
2550,0.2589480147508175,0.66209335600883,0.0,-0.0,0.4031453412580124,0.0,0.0,1.8671002047612586,0.24,0.06,0.2589480147508175,0.4031453412580124,-0.0
2551,0.21796926095670974,0.49697340451028316,0.0,-0.0,0.2790041435535734,0.0,0.0,1.9333636888552324,0.24,0.06,0.21796926095670974,0.2790041435535734,-0.0
2552,0.13098733823340475,0.44533980404168233,0.0,-0.0,0.3143524658082776,0.0,0.0,2.008022399484698,0.24,0.06,0.13098733823340475,0.3143524658082776,-0.0
2553,0.115680107591069,0.2944728776724891,0.0,-0.0,0.17879277008142003,0.0,0.0,2.0504856823790356,0.24,0.06,0.115680107591069,0.17879277008142003,-0.0
2554,0.31409802175287,0.46577810422716975,0.0,-0.0,0.15168008247429965,0.0,0.0,2.0865097019666816,0.24,0.06,0.31409802175287,0.15168008247429965,-0.0
2555,0.2830390929754775,0.44560872904412285,0.0,-0.0,0.16256963606864527,0.0,0.0,2.1251199905329847,0.24,0.06,0.2830390929754775,0.16256963606864527,-0.0
2556,0.14625644181702324,0.35605670323139277,0.0,-0.0,0.20980026141436947,0.0,0.0,2.1749475526188973,0.24,0.06,0.14625644181702324,0.20980026141436947,-0.0
2557,0.04600003519834475,0.36681370332901836,0.0,-0.0,0.3208136681306736,0.0,0.0,2.2511407987999323,0.24,0.06,0.04600003519834475,0.3208136681306736,-0.0
2558,0.028973953182871,0.2796820025382544,0.0,-0.0,0.25070804935538343,0.0,0.0,2.310683960521836,0.24,0.06,0.028973953182871,0.25070804935538343,-0.0
2559,0.03884624994830825,0.2648911274040201,0.0,-0.0,0.22604487745571178,0.0,0.0,2.3643696189175674,0.24,0.06,0.03884624994830825,0.22604487745571178,-0.0
2560,0.07643535153589225,0.18555825168403434,0.0,-0.0,0.10912290014814209,0.0,0.0,2.390286307702751,0.24,0.06,0.07643535153589225,0.10912290014814209,-0.0
2561,0.090873494154861,0.13177325119590833,0.0,-0.0,0.04089975704104733,0.0,0.0,2.4,0.24,0.06,0.090873494154861,0.04089975704104733,-0.0
2562,0.175636213145421,0.09950225090303288,0.0,0.0,0.0,0.07613396224238811,0.0,2.379964746778319,0.24,0.06,0.09950225090303288,0.0,0.0
2563,0.32753493736415,0.08766955079564516,0.0,0.0,0.0,0.23986538656850487,0.0,2.3168422766287127,0.24,0.06,0.08766955079564515,0.0,0.0
2564,0.5092307414032625,0.07180297565164803,0.0,0.0,0.0,0.43742776575161446,0.0,2.2017297066940773,0.24,0.06,0.07180297565164806,0.0,0.0
2565,0.391278678943415,0.04733080042955075,0.0,0.0,0.0,0.34394787851386427,0.0,2.1112171070851655,0.24,0.06,0.047330800429550735,0.0,0.0
2566,0.218992946368849,0.03011960027335047,0.0,0.0,0.0,0.18887334609549852,0.0,2.0615135949547714,0.24,0.06,0.030119600273350478,0.0,0.0
2567,0.15075856847653374,0.007529900068337619,0.0,0.0,0.0,0.14322866840819612,0.0,2.023821840110509,0.24,0.06,0.007529900068337619,0.0,0.0
2568,0.089042350759473,0.0,0.0,0.0,0.0,0.089042350759473,0.0,2.0003896425422267,0.24,0.06,0.0,0.0,0.0
2569,0.2640852441966325,0.0,0.0,0.0,0.0,0.2640852441966325,0.0,1.930893525648376,0.24,0.06,0.0,0.0,0.0
2570,0.3325217477289975,0.0,0.0,0.0,0.0,0.3325217477289975,0.0,1.8433878025617976,0.24,0.06,0.0,0.0,0.0
2571,0.3014544623359975,0.0,0.0,0.0,0.0,0.3014544623359975,0.0,1.7640576808944297,0.24,0.06,0.0,0.0,0.0
2572,0.439815991556135,0.0,0.0,0.0,0.0,0.439815991556135,0.0,1.6483166304849206,0.24,0.06,0.0,0.0,0.0
2573,0.340685116602335,0.0,0.0,0.0,0.0,0.340685116602335,0.0,1.5586626524316745,0.24,0.06,0.0,0.0,0.0
2574,0.24487599635323,0.0,0.0,0.0,0.0,0.24487599635323,0.0,1.4942216007597715,0.24,0.06,0.0,0.0,0.0
2575,0.319263977064845,0.0,0.0,0.0,0.0,0.319263977064845,0.0,1.4102047646900755,0.24,0.06,0.0,0.0,0.0
2576,0.2518010192509625,0.0,0.0,0.0,0.0,0.2518010192509625,0.0,1.3439413385714012,0.24,0.06,0.0,0.0,0.0
2577,0.208671481514412,0.0,0.0,0.0,0.0,0.208671481514412,0.0,1.2890277908044507,0.24,0.06,0.0,0.0,0.0
2578,0.1550721489963595,0.0,0.0,0.0,0.0,0.1550721489963595,0.0,1.2482193305422509,0.24,0.06,0.0,0.0,0.0
2579,0.16998244039725374,0.0,0.0,0.0,0.0,0.16998244039725374,0.0,1.2034871093850787,0.24,0.06,0.0,0.0,0.0
2580,0.221834195676011,0.0,0.0,0.0,0.0,0.221834195676011,0.0,1.145109689470339,0.24,0.06,0.0,0.0,0.0
2581,0.24743207615272475,0.0,0.0,0.0,0.0,0.24743207615272475,0.0,1.079995985219622,0.24,0.06,0.0,0.0,0.0
2582,0.3116761700916,0.0,0.0,0.0,0.0,0.3116761700916,0.0,0.9979759404586747,0.24,0.06,0.0,0.0,0.0
2583,0.2146391496364035,0.0,0.0,0.0,0.0,0.2146391496364035,0.0,0.9414919537122527,0.24,0.06,0.0,0.0,0.0
2584,0.18994273906854325,0.0,0.0,0.0,0.0,0.18994273906854325,0.0,0.8915070223784255,0.24,0.06,0.0,0.0,0.0
2585,0.3102910610543575,0.0,0.3102910610543575,0.0,0.0,0.0,0.0,0.8915070223784255,0.14,0.06,0.0,0.0,0.0
2586,0.5162946930355,0.0,0.5162946930355,0.0,0.0,0.0,0.0,0.8915070223784255,0.14,0.06,0.0,0.0,0.0
2587,0.522666090149115,0.0,0.522666090149115,0.0,0.0,0.0,0.0,0.8915070223784255,0.14,0.06,0.0,0.0,0.0
2588,0.2525865411182375,0.0,0.2525865411182375,0.0,0.0,0.0,0.0,0.8915070223784255,0.14,0.06,0.0,0.0,0.0
2589,0.23143646929957276,0.0,0.23143646929957276,0.0,0.0,0.0,0.0,0.8915070223784255,0.14,0.06,0.0,0.0,0.0
2590,0.13752952367853574,0.0,0.13752952367853574,0.0,0.0,0.0,0.0,0.8915070223784255,0.14,0.06,0.0,0.0,0.0
2591,0.126968328413807,0.0,0.126968328413807,0.0,0.0,0.0,0.0,0.8915070223784255,0.14,0.06,0.0,0.0,0.0
2592,0.09660195415503625,0.0,0.09660195415503625,0.0,0.0,0.0,0.0,0.8915070223784255,0.14,0.06,0.0,0.0,0.0
2593,0.3811363590361025,0.0,0.3811363590361025,0.0,0.0,0.0,0.0,0.8915070223784255,0.14,0.06,0.0,0.0,0.0
2594,0.04782438884355025,0.0,0.04782438884355025,0.0,0.0,0.0,0.0,0.8915070223784255,0.14,0.06,0.0,0.0,0.0
2595,0.0347233047220695,0.0,0.0347233047220695,0.0,0.0,0.0,0.0,0.8915070223784255,0.14,0.06,0.0,0.0,0.0
2596,0.0222280752322633,0.0,0.0222280752322633,0.0,0.0,0.0,0.0,0.8915070223784255,0.14,0.06,0.0,0.0,0.0
2597,0.02341471464878395,0.0,0.02341471464878395,0.0,0.0,0.0,0.0,0.8915070223784255,0.14,0.06,0.0,0.0,0.0
2598,0.0280876296398095,0.0,0.0280876296398095,0.0,0.0,0.0,0.0,0.8915070223784255,0.14,0.06,0.0,0.0,0.0
2599,0.021676538602049475,0.0,0.021676538602049475,0.0,0.0,0.0,0.0,0.8915070223784255,0.14,0.06,0.0,0.0,0.0
2600,0.03719111776919125,0.0,0.03719111776919125,0.0,0.0,0.0,0.0,0.8915070223784255,0.14,0.06,0.0,0.0,0.0
2601,0.07220429259520825,0.0,0.07220429259520825,0.0,0.0,0.0,0.0,0.8915070223784255,0.14,0.06,0.0,0.0,0.0
2602,0.06852424799626275,0.0,0.06852424799626275,0.0,0.0,0.0,0.0,0.8915070223784255,0.14,0.06,0.0,0.0,0.0
2603,0.04206720297721775,0.0,0.04206720297721775,0.0,0.0,0.0,0.0,0.8915070223784255,0.14,0.06,0.0,0.0,0.0
2604,0.024724614145541775,0.0,0.024724614145541775,0.0,0.0,0.0,0.0,0.8915070223784255,0.14,0.06,0.0,0.0,0.0
2605,0.0198328602832476,0.0,0.0198328602832476,0.0,0.0,0.0,0.0,0.8915070223784255,0.14,0.06,0.0,0.0,0.0
2606,0.01952157635180115,0.0,0.01952157635180115,0.0,0.0,0.0,0.0,0.8915070223784255,0.14,0.06,0.0,0.0,0.0
2607,0.036001344621817,0.0,0.036001344621817,0.0,0.0,0.0,0.0,0.8915070223784255,0.14,0.06,0.0,0.0,0.0
2608,0.0203321680659033,0.0,0.0203321680659033,0.0,0.0,0.0,0.0,0.8915070223784255,0.14,0.06,0.0,0.0,0.0
2609,0.019668861701915074,0.0,0.019668861701915074,0.0,0.0,0.0,0.0,0.8915070223784255,0.14,0.06,0.0,0.0,0.0
2610,0.023750546138582726,0.0,0.023750546138582726,0.0,0.0,0.0,0.0,0.8915070223784255,0.14,0.06,0.0,0.0,0.0
2611,0.05603058537188325,0.0,0.05603058537188325,0.0,0.0,0.0,0.0,0.8915070223784255,0.14,0.06,0.0,0.0,0.0
2612,0.070187736790989,0.0,0.070187736790989,0.0,0.0,0.0,0.0,0.8915070223784255,0.14,0.06,0.0,0.0,0.0
2613,0.068870525255573,0.0,0.068870525255573,0.0,0.0,0.0,0.0,0.8915070223784255,0.14,0.06,0.0,0.0,0.0
2614,0.052475890007077,0.0,0.052475890007077,0.0,0.0,0.0,0.0,0.8915070223784255,0.14,0.06,0.0,0.0,0.0
2615,0.0214028594408449,0.0,0.0214028594408449,0.0,0.0,0.0,0.0,0.8915070223784255,0.14,0.06,0.0,0.0,0.0
2616,0.019624467181490676,0.0,0.019624467181490676,0.0,0.0,0.0,0.0,0.8915070223784255,0.14,0.06,0.0,0.0,0.0
2617,0.022039006804102874,0.0,0.022039006804102874,0.0,0.0,0.0,0.0,0.8915070223784255,0.14,0.06,0.0,0.0,0.0
2618,0.031461090903589,0.0,0.031461090903589,0.0,0.0,0.0,0.0,0.8915070223784255,0.14,0.06,0.0,0.0,0.0
2619,0.0299788362098895,0.0,0.0299788362098895,0.0,0.0,0.0,0.0,0.8915070223784255,0.14,0.06,0.0,0.0,0.0
2620,0.04979707241582075,0.0,0.04979707241582075,0.0,0.0,0.0,0.0,0.8915070223784255,0.14,0.06,0.0,0.0,0.0
2621,0.035612239707509,0.0,0.035612239707509,0.0,0.0,0.0,0.0,0.8915070223784255,0.14,0.06,0.0,0.0,0.0
2622,0.03335490891604675,0.0,0.03335490891604675,0.0,0.0,0.0,0.0,0.8915070223784255,0.14,0.06,0.0,0.0,0.0
2623,0.0652427095041855,0.0,0.0652427095041855,0.0,0.0,0.0,0.0,0.8915070223784255,0.14,0.06,0.0,0.0,0.0
2624,0.16063190981892225,0.0,0.16063190981892225,0.0,0.0,0.0,0.0,0.8915070223784255,0.14,0.06,0.0,0.0,0.0
2625,0.1352883838298165,0.013446250122031463,0.0,0.0,0.0,0.12184213370778504,0.0,0.85944330298164,0.24,0.06,0.013446250122031461,0.0,0.0
2626,0.18463472129121075,0.03764950034168812,0.0,0.0,0.0,0.14698522094952263,0.0,0.820762981679134,0.24,0.06,0.037649500341688125,0.0,0.0
2627,0.21574326747378225,0.09170342583225458,0.0,0.0,0.0,0.12403984164152768,0.0,0.7881209180892583,0.24,0.06,0.09170342583225458,0.0,0.0
2628,0.29478431621435,0.11267957602262371,0.0,0.0,0.0,0.18210474019172626,0.0,0.740198618038804,0.24,0.06,0.11267957602262371,0.0,0.0
2629,0.44451032037466,0.13553820123007718,0.0,0.0,0.0,0.3089721191445828,0.0,0.6588901656323349,0.24,0.06,0.1355382012300772,0.0,0.0
2630,0.4312363587677625,0.11967162608608006,0.0,0.0,0.0,0.31156473268168244,0.0,0.5768994465055763,0.24,0.06,0.11967162608608006,0.0,0.0
2631,0.1826056305635775,0.0830978257541545,0.0,0.0,0.0,0.099507804809423,0.0,0.550713182082044,0.24,0.06,0.0830978257541545,0.0,0.0
2632,0.14052537037447,0.14521950131793981,0.0,-0.0,0.004694130943469821,0.0,0.0,0.5518280381811181,0.24,0.06,0.14052537037447,0.004694130943469821,-0.0
2633,0.2433086086380105,0.14629520132770238,0.0,0.0,0.0,0.09701340731030811,0.0,0.5262981941520897,0.24,0.06,0.14629520132770238,0.0,0.0
2634,0.23535624430881025,0.18421362667183128,0.0,0.0,0.0,0.05114261763697897,0.0,0.512839610563411,0.24,0.06,0.18421362667183128,0.0,0.0
2635,0.145528371682063,0.31733150287994266,0.0,-0.0,0.1718031311978796,0.0,0.0,0.5536428542229074,0.24,0.06,0.145528371682063,0.1718031311978796,-0.0
2636,0.1210116283498025,0.3057677277749956,0.0,-0.0,0.1847560994251931,0.0,0.0,0.5975224278363908,0.24,0.06,0.1210116283498025,0.1847560994251931,-0.0
2637,0.0853983440653425,0.2546719773112761,0.0,-0.0,0.1692736332459336,0.0,0.0,0.6377249157323,0.24,0.06,0.0853983440653425,0.1692736332459336,-0.0
2638,0.0892000818790985,0.30065815272862373,0.0,-0.0,0.21145807084952523,0.0,0.0,0.6879462075590622,0.24,0.06,0.0892000818790985,0.21145807084952523,-0.0
2639,0.08113281408527025,0.15140477637407423,0.0,-0.0,0.07027196228880395,0.0,0.0,0.7046357986026531,0.24,0.06,0.08113281408527025,0.07027196228880395,-0.0
2640,0.0848906796670775,0.42732182887816017,0.0,-0.0,0.34243114921108253,0.0,0.0,0.7859631965402852,0.24,0.06,0.0848906796670775,0.34243114921108253,-0.0
2641,0.03168671952504025,0.2576301523381232,0.0,-0.0,0.22594343281308293,0.0,0.0,0.8396247618333924,0.24,0.06,0.03168671952504025,0.22594343281308293,-0.0
2642,0.0208643800225206,0.374881453402237,0.0,-0.0,0.35401707337971633,0.0,0.0,0.923703816761075,0.24,0.06,0.0208643800225206,0.35401707337971633,-0.0
2643,0.023235569701659575,0.29501072767737,0.0,-0.0,0.2717751579757104,0.0,0.0,0.9882504167803062,0.24,0.06,0.023235569701659575,0.2717751579757104,-0.0
2644,0.02750109968173175,0.26462220240157935,0.0,-0.0,0.2371211027198476,0.0,0.0,1.04456667867627,0.24,0.06,0.02750109968173175,0.2371211027198476,-0.0
2645,0.02069881457576135,0.40715245369511255,0.0,0.0,0.3864536391193512,0.0,0.0,1.1363494179671159,0.24,0.06,0.02069881457576135,0.3864536391193512,0.0
2646,0.14943770092178876,0.5112264296396362,0.0,-0.0,0.3617887287178474,0.0,0.0,1.2222742410376046,0.24,0.06,0.14943770092178876,0.3617887287178474,-0.0
2647,0.07210662465027474,0.34099690309471764,0.0,-0.0,0.2688902784444429,0.0,0.0,1.2861356821681598,0.24,0.06,0.07210662465027474,0.2688902784444429,-0.0
2648,0.07255422587384774,0.2807577025480169,0.0,-0.0,0.20820347667416916,0.0,0.0,1.335584007878275,0.24,0.06,0.07255422587384774,0.20820347667416916,-0.0
2649,0.09647399347851875,0.39021017854135354,0.0,-0.0,0.2937361850628348,0.0,0.0,1.4053463518306983,0.24,0.06,0.09647399347851875,0.2937361850628348,-0.0
2650,0.11098421190711776,0.18717180169867792,0.0,-0.0,0.07618758979156016,0.0,0.0,1.423440904406194,0.24,0.06,0.11098421190711776,0.07618758979156016,-0.0
2651,0.2321154443178285,0.453407554114901,0.0,-0.0,0.22129210979707253,0.0,0.0,1.4759977804829987,0.24,0.06,0.2321154443178285,0.22129210979707253,-0.0
2652,0.3189579160181525,0.23934325217216,0.0,0.0,0.0,0.0796146638459925,0.0,1.455046553155106,0.24,0.06,0.23934325217216,0.0,0.0
2653,0.10132866485904675,0.11590667605191125,0.0,-0.0,0.014578011192864504,0.0,0.0,1.4585088308134113,0.24,0.06,0.10132866485904675,0.014578011192864504,-0.0
2654,0.04920009668823125,0.16081715145949604,0.0,-0.0,0.11161705477126471,0.0,0.0,1.4850178813215866,0.24,0.06,0.04920009668823125,0.11161705477126471,-0.0
2655,0.0320753021508725,0.2708074774577137,0.0,-0.0,0.2387321753068412,0.0,0.0,1.5417167729569614,0.24,0.06,0.0320753021508725,0.2387321753068412,-0.0
2656,0.04059069345674975,0.2025005268377938,0.0,-0.0,0.16190983338104403,0.0,0.0,1.5801703583849593,0.24,0.06,0.04059069345674975,0.16190983338104403,-0.0
2657,0.0312359845706135,0.11294850102506429,0.0,-0.0,0.08171251645445077,0.0,0.0,1.5995770810428913,0.24,0.06,0.0312359845706135,0.08171251645445077,-0.0
2658,0.3178929698164425,0.10299827593476096,0.0,0.0,0.0,0.21489469388168153,0.0,1.5430258458108699,0.24,0.06,0.10299827593476096,0.0,0.0
2659,0.1004721117590935,0.0946616008591015,0.0,0.0,0.0,0.005810510899992002,0.0,1.5414967639950825,0.24,0.06,0.0946616008591015,0.0,0.0
2660,0.02459717575749995,0.04786865043443198,0.0,-0.0,0.023271474676932025,0.0,0.0,1.547023739230854,0.24,0.06,0.02459717575749995,0.023271474676932025,-0.0
2661,0.03457706394890675,0.050288975456397676,0.0,-0.0,0.01571191150749085,0.0,0.0,1.550755318213883,0.24,0.06,0.03457706394890675,0.01571191150749085,-0.0
2662,0.02845218699576525,0.03630487532948492,0.0,-0.0,0.00785268833371967,0.0,0.0,1.5526203316931413,0.24,0.06,0.02845218699576525,0.00785268833371967,-0.0
2663,0.08698505645415824,0.015059800136675256,0.0,0.0,0.0,0.07192525631748299,0.0,1.5336926326622247,0.24,0.06,0.015059800136675253,0.0,0.0
2664,0.11079775492133526,0.0029581750268469235,0.10783957989448834,0.0,0.0,0.0,0.0,1.5336926326622247,0.24,0.06,0.002958175026846921,0.0,0.0
2665,0.12040838516050625,0.0,0.12040838516050625,0.0,0.0,0.0,0.0,1.5336926326622247,0.24,0.06,0.0,0.0,0.0
2666,0.12866367680554375,0.0,0.12866367680554375,0.0,0.0,0.0,0.0,1.5336926326622247,0.24,0.06,0.0,0.0,0.0
2667,0.24066791810547175,0.0,0.24066791810547175,0.0,0.0,0.0,0.0,1.5336926326622247,0.24,0.06,0.0,0.0,0.0
2668,0.3614027335632175,0.0,0.3614027335632175,0.0,0.0,0.0,0.0,1.5336926326622247,0.24,0.06,0.0,0.0,0.0
2669,0.242151739664598,0.0,0.242151739664598,0.0,0.0,0.0,0.0,1.5336926326622247,0.24,0.06,0.0,0.0,0.0
2670,0.4522182536972875,0.0,0.4522182536972875,0.0,0.0,0.0,0.0,1.5336926326622247,0.24,0.06,0.0,0.0,0.0
2671,0.43507204533243,0.0,0.43507204533243,0.0,0.0,0.0,0.0,1.5336926326622247,0.24,0.06,0.0,0.0,0.0
2672,0.4224864599363475,0.0,0.4224864599363475,0.0,0.0,0.0,0.0,1.5336926326622247,0.24,0.06,0.0,0.0,0.0
2673,0.26579469437721,0.0,0.26579469437721,0.0,0.0,0.0,0.0,1.5336926326622247,0.24,0.06,0.0,0.0,0.0
2674,0.1950026698199745,0.0,0.1950026698199745,0.0,0.0,0.0,0.0,1.5336926326622247,0.24,0.06,0.0,0.0,0.0
2675,0.17288740889843676,0.0,0.04423607087813464,0.0,0.0,0.12865133802030213,0.0,1.499837017393724,0.24,0.06,0.0,0.0,0.0
2676,0.16691504018016476,0.0,0.0,0.0,0.0,0.16691504018016476,0.0,1.4559120068199964,0.24,0.06,0.0,0.0,0.0
2677,0.18164200832613,0.0,0.0,0.0,0.0,0.18164200832613,0.0,1.4081114783131201,0.24,0.06,0.0,0.0,0.0
2678,0.184836324642785,0.0,0.0,0.0,0.0,0.184836324642785,0.0,1.3594703402492294,0.24,0.06,0.0,0.0,0.0
2679,0.2007828363792325,0.0,0.0,0.0,0.0,0.2007828363792325,0.0,1.3066327517283787,0.24,0.06,0.0,0.0,0.0
2680,0.40520445656784,0.0,0.0,0.0,0.0,0.40520445656784,0.0,1.1999999999999997,0.24,0.06,0.0,0.0,0.0
2681,0.453908901492745,0.0,0.453908901492745,0.0,0.0,0.0,0.0,1.2,0.14,0.06,0.0,0.0,0.0
2682,0.2883747920420175,0.0,0.2883747920420175,0.0,0.0,0.0,0.0,1.2,0.14,0.06,0.0,0.0,0.0
2683,0.3036741883572175,0.0,0.3036741883572175,0.0,0.0,0.0,0.0,1.2,0.14,0.06,0.0,0.0,0.0
2684,0.21545966483154175,0.0,0.21545966483154175,0.0,0.0,0.0,0.0,1.2,0.14,0.06,0.0,0.0,0.0
2685,0.25488147667994,0.0,0.25488147667994,0.0,0.0,0.0,0.0,1.2,0.14,0.06,0.0,0.0,0.0
2686,0.34716985031515,0.0,0.34716985031515,0.0,0.0,0.0,0.0,1.2,0.14,0.06,0.0,0.0,0.0
2687,0.1569382857196115,0.0,0.1569382857196115,0.0,0.0,0.0,0.0,1.2,0.14,0.06,0.0,0.0,0.0
2688,0.16227085105529626,0.0,0.16227085105529626,0.0,0.0,0.0,0.0,1.2,0.14,0.06,0.0,0.0,0.0
